127 4.2208228313114065 6.25 
255 4.206216533919685 4.6875 
383 4.159474882067834 5.46875 
511 4.104884743071557 5.46875 
639 4.046540095040205 7.8125 
767 4.015181313824705 12.5 
895 3.961359352941194 13.28125 
1023 3.9207344311554717 14.84375 
1151 3.9176522023606397 13.28125 
1279 3.9445583828135007 10.15625 
1407 3.8597564076013002 15.625 
1535 3.7878501500437824 16.40625 
1663 3.689415469914754 21.09375 
1791 3.7042359383216046 19.53125 
1919 3.6447350685324627 21.875 
2047 3.6574296227896776 19.53125 
2175 3.609390533031962 23.4375 
2303 3.6271769157693226 21.09375 
2431 3.484980401419294 32.03125 
2559 3.554458221659133 26.5625 
2687 3.371982129334321 39.0625 
2815 3.355368403940072 33.59375 
2943 3.4858497963411446 25.78125 
3071 3.441404136500882 21.875 
3199 3.36881297059035 33.59375 
3327 3.3841864311522567 32.03125 
3455 3.163049192712308 39.84375 
3583 3.2984389996446364 33.59375 
3711 3.3523998748939197 35.15625 
3839 3.1592965959658046 44.53125 
3967 3.228711194244905 36.71875 
4095 3.216552209984801 40.625 
4223 3.1170732492141333 45.3125 
4351 3.0997871447733023 39.84375 
4479 3.202724371309875 39.84375 
4607 2.973572014502211 40.625 
4735 3.0521534769912786 46.875 
4863 3.057267686486226 36.71875 
4991 3.0519208164695844 39.84375 
5119 2.96576853782064 45.3125 
5247 2.9839353570472107 41.40625 
5375 3.0495894763714286 36.71875 
5503 3.0536437900152453 34.375 
5631 2.977062284747806 38.28125 
5759 2.9477511449100358 39.84375 
5887 2.8670440550087477 44.53125 
6015 2.972245670635257 42.96875 
6143 2.8603782185057565 44.53125 
6271 2.847177996388535 38.28125 
6399 2.7428229480789614 58.59375 
6527 2.810021170446112 49.21875 
6655 2.7758673169912753 46.875 
6783 2.8414092197477903 46.875 
6911 2.7127976946825143 48.4375 
7039 2.7424812833217675 46.875 
7167 2.668739808555544 46.875 
7295 2.676008471081781 58.59375 
7423 2.60578504096936 59.375 
7551 2.7437270913483065 47.65625 
7679 2.7169165586282373 42.96875 
7807 2.5853326281998017 54.6875 
7935 2.574609551240994 54.6875 
8063 2.6805702827235938 50.78125 
8191 2.5726744189945685 56.25 
8319 2.5832598222402927 51.5625 
8447 2.5306285338338403 49.21875 
8575 2.4086892063121197 51.5625 
8703 2.6212109532552152 53.90625 
8831 2.4149280552210426 56.25 
8959 2.5762412336717637 48.4375 
9087 2.5708155823981236 57.8125 
9215 2.351498594145084 63.28125 
9343 2.4435104049022183 49.21875 
9471 2.3900277953805054 53.90625 
9599 2.2798849408859723 59.375 
9727 2.260953506956833 61.71875 
9855 2.3753986369823945 53.90625 
9983 2.216934509369652 63.28125 
10111 2.201537346888305 64.84375 
10239 2.156367608074946 63.28125 
10367 2.2510107720451136 57.8125 
10495 2.2495963100237 57.03125 
10623 2.1121462227272167 63.28125 
10751 2.3308831737491764 59.375 
10879 2.221816519358735 63.28125 
11007 2.196857139373894 60.15625 
11135 2.310697728493475 53.125 
11263 2.231540173312856 57.03125 
11391 2.164598583326274 63.28125 
11519 2.2960401784889823 60.9375 
11647 2.1771404572403052 56.25 
11775 2.1815762610292566 55.46875 
11903 2.1714798229899683 56.25 
12031 2.075362147253409 61.71875 
12159 2.133115650461002 57.8125 
12287 2.2140495864427767 54.6875 
12415 2.305969668992348 50.78125 
12543 2.185826189135149 56.25 
12671 2.3540664833394396 54.6875 
12799 2.16299230074912 58.59375 
12927 1.9554877057019557 64.84375 
13055 2.3304427661680807 53.90625 
13183 2.0088895396711828 57.8125 
13311 2.053951437980975 55.46875 
13439 2.158229146219242 59.375 
13567 2.0488008686169414 63.28125 
13695 2.084595447666731 57.8125 
13823 1.9466746104185781 67.1875 
13951 2.053893174236669 60.15625 
14079 2.1194137098517514 57.8125 
14207 1.7201854358565 69.53125 
14335 2.0384138837633685 62.5 
14463 2.0709595109775076 51.5625 
14591 2.037297105274935 60.15625 
14719 1.8623799461648363 60.9375 
14847 1.9586447748682776 60.15625 
14975 2.051545484704519 56.25 
15103 2.1240265373220013 55.46875 
15231 2.1182132788475845 57.8125 
15359 1.8970722900881996 63.28125 
15487 1.9223920366902822 60.9375 
15615 1.849973754004221 65.625 
15743 1.9310707880636735 60.9375 
15871 2.034015633464766 62.5 
15999 1.7910399915240511 65.625 
16127 2.03542813230903 57.03125 
16255 1.973191021283455 57.8125 
16383 2.061479386331451 57.8125 
16511 1.9915971497583849 60.9375 
16639 1.9049996155974476 60.9375 
16767 2.003417697408624 53.90625 
16895 1.8339753945832422 64.84375 
17023 1.887359273789587 67.96875 
17151 2.08000311586545 58.59375 
17279 1.8899909876334577 66.40625 
17407 1.9660300516486533 63.28125 
17535 1.6835327289349462 67.1875 
17663 2.136631904774457 56.25 
17791 1.743499768211487 60.9375 
17919 2.083685091781906 53.90625 
18047 1.7825591201454107 67.96875 
18175 2.013784082937101 57.8125 
18303 1.8222253757526206 60.9375 
18431 1.819657087018969 64.0625 
18559 2.0316795018722957 57.8125 
18687 1.8557632652229592 64.0625 
18815 1.8386129575524588 64.84375 
18943 1.8140679836786422 63.28125 
19071 1.629645727689178 67.1875 
19199 1.6006902766179507 71.09375 
19327 1.704777667831989 65.625 
19455 1.7621651586759777 68.75 
19583 1.7256117694226252 70.3125 
19711 1.844711972432049 64.84375 
19839 1.8794783842227263 59.375 
19967 1.7039660185075634 63.28125 
20095 1.6170410692946264 69.53125 
20223 1.7961939446740778 62.5 
20351 1.7909334908697052 64.0625 
20479 1.7334822791036835 60.9375 
20607 1.8399265153246511 60.15625 
20735 1.8202537568180246 63.28125 
20863 1.7947745406251219 64.0625 
20991 1.9479107679209167 54.6875 
21119 1.6719724351088694 66.40625 
21247 1.7918025090711527 62.5 
21375 1.8179014455179063 61.71875 
21503 1.7299272990091275 58.59375 
21631 1.6742010408886903 65.625 
21759 1.6787945262508879 64.84375 
21887 1.6888496198581124 64.84375 
22015 1.6633730738439667 68.75 
22143 1.647200206609652 67.1875 
22271 1.6437077078394575 71.09375 
22399 1.6228144357024927 64.0625 
22527 1.7567876814685077 58.59375 
22655 1.6467311850890156 67.1875 
22783 1.5392783090464315 69.53125 
22911 1.6808532789436526 62.5 
23039 1.4880394708018787 69.53125 
23167 1.7574501006866756 60.9375 
23295 1.485586921705436 71.875 
23423 1.7771689339287715 62.5 
23551 1.5927222295474728 66.40625 
23679 1.5256650125199327 68.75 
23807 1.7697698793275911 63.28125 
23935 1.7291344426942041 62.5 
24063 1.6926868584004329 67.1875 
24191 1.7967629710068618 57.03125 
24319 1.6278015166408357 66.40625 
24447 1.6750221281661832 67.96875 
24575 1.7920945353570457 60.15625 
24703 1.5583908443193104 66.40625 
24831 1.6741159963443422 58.59375 
24959 1.6498109602181739 57.03125 
25087 1.715759987855999 64.0625 
25215 1.7982266193749885 60.15625 
25343 1.6975340436645923 60.15625 
25471 1.6526314380175302 67.1875 
25599 1.5573864628811962 64.0625 
25727 1.6820584913363243 60.15625 
25855 1.4557888583599663 70.3125 
25983 1.6555905558139798 64.0625 
26111 1.6121279823496326 64.0625 
26239 1.670305960096564 60.15625 
26367 1.6380191001150954 65.625 
26495 1.4015398534377088 71.09375 
26623 1.4272174141620442 69.53125 
26751 1.7201074351988817 62.5 
26879 1.640952203419432 69.53125 
27007 1.4350372544953238 68.75 
27135 1.5104033693741423 67.1875 
27263 1.5976630273347436 65.625 
27391 1.801706821103658 60.15625 
27519 1.4784878814144917 71.09375 
27647 1.4766725959929023 72.65625 
27775 1.4290423042841156 65.625 
27903 1.3051767313187126 75.0 
28031 1.5624761509396903 64.0625 
28159 1.5413772942196873 68.75 
28287 1.6653098112072304 61.71875 
28415 1.6281262564645091 67.96875 
28543 1.4074985452588118 71.875 
28671 1.3783375421746877 71.09375 
28799 1.3394910734212186 75.0 
28927 1.5345936587302775 68.75 
29055 1.5141729470930836 66.40625 
29183 1.462820518696193 68.75 
29311 1.56786106362123 67.1875 
29439 1.5832228625648874 67.96875 
29567 1.477120820588413 70.3125 
29695 1.7689199637185569 57.8125 
29823 1.4829518108215716 71.875 
29951 1.5676517165047348 70.3125 
30079 1.5474232097458176 66.40625 
30207 1.5244175510708826 69.53125 
30335 1.6819139643629066 60.9375 
30463 1.3489319498060146 72.65625 
30591 1.309470057419765 74.21875 
30719 1.7131019070570932 59.375 
30847 1.608582664008389 61.71875 
30975 1.4770036138053768 68.75 
31103 1.3810377907057234 72.65625 
31231 1.375335815557115 70.3125 
31359 1.67414385277606 63.28125 
31487 1.3487325135486126 70.3125 
31615 1.4888360493202883 67.96875 
31743 1.523816308851596 67.1875 
31871 1.4236580031138508 72.65625 
31999 1.504008071717291 65.625 
32127 1.4958777144542412 67.1875 
32255 1.4455981285228847 71.09375 
32383 1.496024367625559 67.96875 
32511 1.3803002896725753 72.65625 
32639 1.4129678677976072 66.40625 
32767 1.310218544871732 73.4375 
32895 1.3764851051845182 71.09375 
33023 1.4892092655304892 69.53125 
33151 1.634855079521659 63.28125 
33279 1.4550147868745962 72.65625 
33407 1.5738384038975106 66.40625 
33535 1.7299282529697273 59.375 
33663 1.3940597961728554 68.75 
33791 1.370530925780601 71.875 
33919 1.5511266563880652 61.71875 
34047 1.4990326934228666 70.3125 
34175 1.316079225595415 72.65625 
34303 1.4548895498095555 69.53125 
34431 1.3627183285374929 77.34375 
34559 1.646025212068852 64.84375 
34687 1.4412364324038527 64.84375 
34815 1.3684457367964642 71.09375 
34943 1.50452786463953 64.84375 
35071 1.4473918803359593 69.53125 
35199 1.4658618160939478 67.96875 
35327 1.409481568072892 74.21875 
35455 1.3743118536267023 69.53125 
35583 1.4615528508059477 71.09375 
35711 1.4173091923502996 72.65625 
35839 1.2956670348876187 73.4375 
35967 1.4546298395466992 64.84375 
36095 1.4137037383022875 71.09375 
36223 1.6473844919145917 64.0625 
36351 1.2793261661949737 75.0 
36479 1.1998651378979128 75.0 
36607 1.3788304139750933 75.78125 
36735 1.3312099408777112 72.65625 
36863 1.3092991706228891 71.875 
36991 1.3548533959986178 72.65625 
37119 1.2622899156318734 72.65625 
37247 1.4693095746095175 71.09375 
37375 1.335216715622441 70.3125 
37503 1.7081541140374903 63.28125 
37631 1.389383111324114 68.75 
37759 1.5317486394707853 67.96875 
37887 1.4523659765902899 69.53125 
38015 1.3820460847122633 71.875 
38143 1.4474810421538102 65.625 
38271 1.4031373064674635 70.3125 
38399 1.4443372233257934 68.75 
38527 1.2795737193709602 70.3125 
38655 1.223386383701702 75.0 
38783 1.3600368307307877 70.3125 
38911 1.3695640419284225 75.78125 
39039 1.2126309425373398 75.78125 
39167 1.3964746108970592 71.09375 
39295 1.5793761224071574 67.1875 
39423 1.2562588040742102 69.53125 
39551 1.4028637780484678 68.75 
39679 1.4173707127918416 64.0625 
39807 1.3221955163742294 71.09375 
39935 1.438260111168739 67.1875 
40063 1.2729724255244923 71.875 
40191 1.1410938699164734 78.125 
40319 1.293048887907083 72.65625 
40447 1.300797945640235 71.875 
40575 1.4248137549622335 64.0625 
40703 1.444684098527822 73.4375 
40831 1.3314490417934814 67.96875 
40959 1.2122511414992803 77.34375 
41087 1.387935788234814 71.875 
41215 1.0346661978715468 82.03125 
41343 1.2012249169523406 78.90625 
41471 1.3742632315055965 68.75 
41599 1.2784012789592465 71.875 
41727 1.4203469972184566 71.09375 
41855 1.2348851713069047 73.4375 
41983 1.3651490935514623 67.96875 
42111 1.3348147502389682 68.75 
42239 1.4543226980042456 69.53125 
42367 1.2180662683897214 71.09375 
42495 1.2688044072188611 73.4375 
42623 1.4037504031127686 67.1875 
42751 1.4017634317115557 67.96875 
42879 1.5123442200916246 63.28125 
43007 1.0616851239241145 79.6875 
43135 1.2962683971044469 72.65625 
43263 1.3658284529153988 67.96875 
43391 1.2601940326893353 72.65625 
43519 1.2363458571526125 70.3125 
43647 1.459523393760853 65.625 
43775 1.4586279723395328 65.625 
43903 1.2030569454409326 75.78125 
44031 1.4912279329380165 65.625 
44159 1.3573215801624823 69.53125 
44287 1.2626405741763973 74.21875 
44415 1.2511591814546614 67.96875 
44543 1.3309339713467006 71.875 
44671 1.3922079921630484 66.40625 
44799 1.636513615752439 64.84375 
44927 1.2291991134122364 71.875 
45055 1.317802446672553 71.875 
45183 1.3914255672151465 69.53125 
45311 1.2414963058108175 71.09375 
45439 1.4123232350522021 71.09375 
45567 1.3382562115295598 70.3125 
45695 1.171221631355445 80.46875 
45823 1.443181548421316 67.1875 
45951 1.182957870970522 76.5625 
46079 1.3022934979350136 67.96875 
46207 1.3119880516548659 70.3125 
46335 1.2257541812479609 72.65625 
46463 1.1699006059302413 77.34375 
46591 1.3101963273772812 67.96875 
46719 1.3050082597208803 68.75 
46847 1.0094515866522071 77.34375 
46975 1.3090022667520733 75.0 
47103 1.2247518511181679 75.0 
47231 1.283804420801914 73.4375 
47359 1.219463365239597 73.4375 
47487 1.0970456197560878 75.78125 
47615 1.2188632449159176 76.5625 
47743 1.2438904426018875 70.3125 
47871 1.1128054532779468 77.34375 
47999 1.1011145475762065 77.34375 
48127 1.237956342980555 75.78125 
48255 1.2039548475148658 73.4375 
48383 1.1155059621735754 77.34375 
48511 1.4409070187044444 67.1875 
48639 1.0381328716775724 75.78125 
48767 1.2111140603904227 74.21875 
48895 1.1575343646815597 75.78125 
49023 1.2855781482688686 64.84375 
49151 1.1851601076528298 73.4375 
49279 1.2493675673094407 67.96875 
49407 1.093701095224097 71.875 
49535 1.2826594157181468 72.65625 
49663 1.2614053725835082 69.53125 
49791 1.0491675106389085 80.46875 
49919 1.2609376200826048 72.65625 
50047 1.2091785402840967 75.0 
50175 1.2892668103551361 73.4375 
50303 1.2837684840602914 69.53125 
50431 1.2160071030259694 72.65625 
50559 1.1309159038725436 76.5625 
50687 1.2214462376049229 75.0 
50815 1.3037658914707304 70.3125 
50943 1.1939577722651404 72.65625 
51071 1.1833293925174104 73.4375 
51199 1.4147328171997664 64.0625 
51327 1.375550325718519 70.3125 
51455 1.2671213044545957 67.96875 
51583 1.2307878467046303 71.09375 
51711 1.133044688669016 74.21875 
51839 1.1307046040393651 76.5625 
51967 1.287777601152223 75.0 
52095 1.312354536847068 68.75 
52223 1.1016229124299284 81.25 
52351 1.3707717046672592 64.0625 
52479 1.1805765504844714 73.4375 
52607 1.2002078707793333 75.78125 
52735 1.5313546463148098 63.28125 
52863 1.2051337468666588 66.40625 
52991 1.4110742993414105 69.53125 
53119 1.42074342508413 67.96875 
53247 1.3321151895545216 74.21875 
53375 1.5238214603647933 64.84375 
53503 1.3194586299475002 70.3125 
53631 1.2187784541038966 75.78125 
53759 1.388303662917493 71.875 
53887 1.329972673011844 67.1875 
54015 1.226080581179843 72.65625 
54143 1.3061332742711451 68.75 
54271 1.1116457185629345 76.5625 
54399 1.3085423486181682 68.75 
54527 1.3625816334608434 66.40625 
54655 1.177415473414215 72.65625 
54783 1.0666646608091195 79.6875 
54911 1.2284261531693057 75.0 
55039 1.09747718655341 78.125 
55167 1.172875314466576 71.875 
55295 1.258774312271893 65.625 
55423 1.0945439786539903 82.03125 
55551 1.3610972969074746 72.65625 
55679 0.9230520238817302 80.46875 
55807 1.1011954279439364 76.5625 
55935 1.1449207846213634 75.0 
56063 1.14464942261845 74.21875 
56191 1.0839050303756896 75.0 
56319 1.1957236334801802 75.78125 
56447 1.4129722281854125 69.53125 
56575 1.2169442360743368 78.125 
56703 1.1617411789906276 76.5625 
56831 1.3102627814243057 67.1875 
56959 1.267982628832955 74.21875 
57087 1.2301948284380326 73.4375 
57215 1.03931202277042 81.25 
57343 1.4010583003444745 72.65625 
57471 1.3080472852447724 69.53125 
57599 1.1673331167397707 73.4375 
57727 1.0737336872033496 77.34375 
57855 1.078326375831811 78.125 
57983 1.0722820801540665 75.0 
58111 1.0865803005870187 71.875 
58239 1.1062510758782262 71.09375 
58367 1.1020200083800316 76.5625 
58495 1.1694721012460474 75.0 
58623 1.2937413324510187 67.96875 
58751 1.1516086207874903 74.21875 
58879 0.9799279068699985 78.90625 
59007 1.0846962179355437 74.21875 
59135 1.306083357666384 71.875 
59263 1.1114583731138492 76.5625 
59391 0.9897916798772901 77.34375 
59519 1.401869819187705 67.96875 
59647 1.356171900542357 72.65625 
59775 1.1076028028072042 76.5625 
59903 1.1964294326181781 74.21875 
60031 1.0211413729594583 75.78125 
60159 1.2547118983236536 74.21875 
60287 1.3591584774083512 70.3125 
60415 1.2508617486437819 75.0 
60543 1.0310158603658788 74.21875 
60671 1.2234427170914979 71.09375 
60799 1.070923328673279 78.125 
60927 1.1458142358674535 73.4375 
61055 1.021438767139678 78.90625 
61183 1.0920078871781933 71.875 
61311 1.3566099796919677 65.625 
61439 1.245264963219444 75.0 
61567 1.0863128269713076 78.125 
61695 1.1528177565575226 73.4375 
61823 1.2840896719424613 75.0 
61951 1.0410760823139755 79.6875 
62079 1.2697852576372586 73.4375 
62207 1.2785339742033948 67.1875 
62335 1.2550216460872137 74.21875 
62463 1.124169584969942 73.4375 
62591 1.2068671528382977 74.21875 
62719 1.014569174618396 75.78125 
62847 1.2227665225798394 74.21875 
62975 1.2578891922142144 70.3125 
63103 1.1255466995364685 72.65625 
63231 1.2581884865416806 73.4375 
63359 1.109691024061233 71.875 
63487 1.0593740818923365 80.46875 
63615 1.2500986269186274 75.0 
63743 1.182237841237293 70.3125 
63871 1.1612281371706996 72.65625 
63999 1.0398269514237835 72.65625 
64127 1.1591102887277205 70.3125 
64255 1.1811209710880919 73.4375 
64383 1.1008354719466265 81.25 
64511 0.9149413859748515 82.8125 
64639 1.0796401456941942 75.0 
64767 1.1102382542918305 75.0 
64895 1.1102529979759257 74.21875 
65023 1.2519898215456182 75.0 
65151 0.9191873875504987 79.6875 
65279 1.1358881100965441 75.0 
65407 0.9773172296997866 82.03125 
65535 1.054136930322546 77.34375 
65663 0.7989468372655955 87.5 
65791 1.0585118650303167 77.34375 
65919 1.083269495267918 80.46875 
66047 1.1306060836096883 78.90625 
66175 1.080922247097454 78.90625 
66303 1.2009647323734474 73.4375 
66431 1.1186856436568264 76.5625 
66559 1.1288513237542428 74.21875 
66687 1.1207917719300005 74.21875 
66815 1.197516980087825 71.875 
66943 0.9630092593198208 79.6875 
67071 1.305524377033895 72.65625 
67199 1.3065486003982283 70.3125 
67327 0.9193573632656018 82.8125 
67455 1.0216169535898618 75.0 
67583 1.4378742264881412 65.625 
67711 1.109275456101232 76.5625 
67839 1.3797843082164833 67.1875 
67967 1.2966053438312513 65.625 
68095 0.9691780986422314 77.34375 
68223 1.186254191383984 71.09375 
68351 1.1250980480159243 73.4375 
68479 1.0455901488161512 81.25 
68607 1.0422407246119103 77.34375 
68735 1.0081061214590998 78.90625 
68863 1.0366578375509694 78.90625 
68991 1.2651549465702014 71.875 
69119 1.1558617075114073 76.5625 
69247 1.0135152246222177 75.0 
69375 1.231379709798006 69.53125 
69503 1.0318481529299006 77.34375 
69631 1.1325302086672993 75.78125 
69759 1.1847771776096967 75.0 
69887 1.1995418727102465 70.3125 
70015 0.9930803243279047 76.5625 
70143 1.1904983385538783 72.65625 
70271 1.1236393761303636 80.46875 
70399 1.229902459337298 75.0 
70527 1.0696610451750348 78.90625 
70655 0.8726840777467549 85.15625 
70783 1.200381230388123 74.21875 
70911 1.2195931350787685 74.21875 
71039 0.9823327078411634 82.8125 
71167 0.9720871172509427 79.6875 
71295 0.9560302452549708 77.34375 
71423 1.037575055555892 80.46875 
71551 1.1573858892117204 73.4375 
71679 1.031144747632921 78.90625 
71807 1.1806725336511918 71.875 
71935 1.1270649008769982 70.3125 
72063 1.094370074614874 72.65625 
72191 1.1409458097963547 69.53125 
72319 1.182814246803172 75.78125 
72447 1.2790152348767825 65.625 
72575 1.0106963934233022 78.90625 
72703 1.181660343287499 75.0 
72831 0.9948085370479084 80.46875 
72959 0.8781548132193459 84.375 
73087 1.0235108345488628 77.34375 
73215 1.0335587581247743 74.21875 
73343 1.050248184804167 81.25 
73471 1.1087635074800517 78.125 
73599 1.068934974435968 74.21875 
73727 0.9658279282465762 75.0 
73855 1.0531482606014646 71.875 
73983 0.7254656121255267 86.71875 
74111 0.8789871472379567 83.59375 
74239 1.0704646339971546 78.90625 
74367 1.120242537770331 78.90625 
74495 1.0059056098940558 76.5625 
74623 0.9727243822781269 82.8125 
74751 1.0380695646462965 80.46875 
74879 1.13223763970394 75.0 
75007 0.9459632893809594 78.125 
75135 0.9693458012854097 78.125 
75263 1.0254209541091093 79.6875 
75391 1.2308772489621727 70.3125 
75519 1.0812693711031054 78.125 
75647 1.2401123131426017 71.09375 
75775 0.9779583130394549 79.6875 
75903 1.1364170099633486 73.4375 
76031 1.133389905344825 72.65625 
76159 1.2008053368573735 71.875 
76287 1.1978626472399418 71.875 
76415 1.0832081084964773 72.65625 
76543 1.2466148943771835 73.4375 
76671 0.9482835079355149 78.90625 
76799 0.8728577614843973 80.46875 
76927 1.1002263969745045 75.0 
77055 1.0554419409673526 75.78125 
77183 1.1364059329198497 77.34375 
77311 0.902425566448781 82.8125 
77439 1.1613345243341235 72.65625 
77567 1.0909483031298954 75.78125 
77695 1.062737050577158 75.78125 
77823 0.9239439265695296 78.90625 
77951 1.2468613069600227 72.65625 
78079 1.200726598273844 71.875 
78207 1.011523261519635 78.90625 
78335 1.113034426314649 73.4375 
78463 1.1021826229985265 78.125 
78591 0.9533113667670786 82.03125 
78719 0.9574322478384285 76.5625 
78847 1.1124499762478925 75.78125 
78975 1.062121161924333 72.65625 
79103 1.0387107401439746 75.78125 
79231 1.1953014972819636 71.09375 
79359 0.9956682871287174 76.5625 
79487 1.0990521915627285 70.3125 
79615 1.2926995950971534 68.75 
79743 0.9917172764576676 75.0 
79871 0.9376336826944164 80.46875 
79999 1.06346719758235 80.46875 
80127 1.102266852711246 79.6875 
80255 1.0370253423744937 78.90625 
80383 0.9357582599248303 79.6875 
80511 1.214823554230947 76.5625 
80639 1.142003693617955 70.3125 
80767 1.1223893322046303 77.34375 
80895 1.1119218402472988 71.09375 
81023 1.1649447388475693 78.125 
81151 1.2171227710123766 71.09375 
81279 1.0407081444310502 80.46875 
81407 0.9980861939880105 78.125 
81535 0.9853863014338543 80.46875 
81663 1.0042354642951234 77.34375 
81791 0.864510139461693 82.8125 
81919 0.9680921377784536 78.125 
82047 0.9432010042146631 82.8125 
82175 0.9261382316493003 82.8125 
82303 1.0238197161883436 75.78125 
82431 0.9920397890485628 77.34375 
82559 0.9732873008465582 82.8125 
82687 1.0617268857612754 77.34375 
82815 0.953111403056981 80.46875 
82943 1.130529148906292 72.65625 
83071 0.9777481041787778 78.125 
83199 0.9676029714676126 76.5625 
83327 0.9169212155142722 81.25 
83455 1.1763026780671193 74.21875 
83583 0.9437779526360488 78.90625 
83711 1.0364032204241884 77.34375 
83839 0.8257255256065504 80.46875 
83967 1.1052896529058103 77.34375 
84095 0.9365057380021696 79.6875 
84223 0.8637468462137505 85.15625 
84351 1.137372796141974 75.78125 
84479 1.1878441926370804 74.21875 
84607 1.1355748306726103 71.09375 
84735 1.0942313026900863 76.5625 
84863 0.9550353985754619 79.6875 
84991 1.0983101555958896 73.4375 
85119 1.0688490424486161 78.90625 
85247 0.9856152120817088 78.90625 
85375 0.863735117258715 81.25 
85503 1.0807480141713088 75.0 
85631 1.0313025792647426 80.46875 
85759 0.8415025040690444 82.8125 
85887 0.9755396530890513 76.5625 
86015 0.8205049366691949 85.15625 
86143 0.9053725320707258 76.5625 
86271 1.0061617814182542 79.6875 
86399 1.0499841109594248 75.78125 
86527 1.1096301448757357 78.90625 
86655 1.0869618073879341 74.21875 
86783 1.0450983535664102 76.5625 
86911 1.0736651348503836 75.0 
87039 1.029759034738495 78.125 
87167 1.0108505963717558 75.0 
87295 1.0013171731645185 77.34375 
87423 1.1175658583940058 77.34375 
87551 1.1569962118031396 78.90625 
87679 0.9869509905516742 78.125 
87807 1.195255576660767 74.21875 
87935 1.036896495715317 76.5625 
88063 0.9740119305957144 79.6875 
88191 0.8972174317021588 78.125 
88319 0.9530283003854524 74.21875 
88447 0.9111357191119099 78.90625 
88575 0.9526668043922615 78.90625 
88703 1.0162733113314963 79.6875 
88831 0.9862145270989283 78.90625 
88959 1.0611105385360737 75.0 
89087 1.0543285557822804 79.6875 
89215 1.0076938235339872 77.34375 
89343 1.0299848874627422 73.4375 
89471 0.9786923268798389 78.90625 
89599 0.9729942134805083 79.6875 
89727 1.0783546393362957 75.78125 
89855 0.8911388177836007 83.59375 
89983 1.0889647632548418 73.4375 
90111 1.0499857307505485 77.34375 
90239 1.0609111454153304 75.78125 
90367 1.1833376850483703 74.21875 
90495 0.982565297595194 73.4375 
90623 1.071160486535199 76.5625 
90751 1.0901115533955452 74.21875 
90879 0.9317673881445887 79.6875 
