0 1.5132507145757854 59.375 
0 1.0178236852862967 84.375 
0 1.0100865259863785 78.125 
0 1.785689004195252 59.375 
0 1.93138996748549 37.5 
0 2.5507299050650203 46.875 
0 1.285637151262338 71.875 
0 1.5465475498665788 50.0 
0 1.6520122795671472 46.875 
0 0.8775850835968148 90.625 
0 1.265854318127517 71.875 
0 0.9130308322556335 84.375 
0 1.615630134877296 62.5 
0 0.9050819384589083 90.625 
0 0.5643866609214995 87.5 
0 1.4748229840241396 68.75 
0 1.2860922054119337 68.75 
0 0.7762351453040474 81.25 
0 1.21097436263916 75.0 
0 1.0767573956264813 71.875 
0 1.4264441052294679 68.75 
0 1.426660023721634 65.625 
0 1.1369372380910352 71.875 
0 1.5154151076692242 65.625 
0 0.8864279050956954 78.125 
0 1.4267852561403611 78.125 
0 1.489779650952312 59.375 
0 1.710898349675837 43.75 
0 1.4831489613998667 59.375 
0 1.079532225095652 78.125 
0 1.0632720850807549 75.0 
0 1.2482823194788288 75.0 
0 1.597906200777653 53.125 
0 2.0776581362457707 56.25 
0 1.3285698273140263 71.875 
0 0.9095598282814531 75.0 
0 1.1236815243554572 78.125 
0 1.3899419918802218 65.625 
0 1.3402026857691294 65.625 
0 1.73723327248757 56.25 
0 1.0919414881159932 62.5 
0 2.139037392765431 37.5 
0 0.9551660227781876 75.0 
0 1.1037651647721023 78.125 
0 1.1765396989857893 59.375 
0 1.688989520425362 37.5 
0 1.3719823757070755 75.0 
0 1.5855189502080258 31.25 
0 1.6491208690882537 50.0 
0 1.0337246492637022 87.5 
0 1.4631978535263421 56.25 
0 1.4775393237901517 53.125 
0 0.8925394885867689 87.5 
0 1.744886371412423 28.125 
0 1.4102302787132497 56.25 
0 1.3023231851007742 68.75 
0 0.8934207422352433 75.0 
0 1.3504222607909135 71.875 
0 0.9569125052891296 65.625 
0 1.6476157542979397 62.5 
0 2.026078779304196 53.125 
0 0.5546541535043322 87.5 
0 1.3713845810556051 56.25 
0 1.538553797381829 75.0 
0 1.5504485944381403 75.0 
0 1.976563160196827 53.125 
0 1.1750656976402898 75.0 
0 1.7447985913146218 59.375 
0 1.3932369421004163 75.0 
0 1.094465838443062 68.75 
0 1.2737393551573943 78.125 
