9 4.593882624183546 80.0 
19 0.4443890160309105 90.0 
29 4.120337850864435 70.0 
39 5.885957775199185 70.0 
49 7.238361776117503 70.0 
59 20.123905407364944 30.0 
69 4.213133046063765 50.0 
79 0.8270067405935135 90.0 
89 5.560418399534936 90.0 
99 3.134084357405355 70.0 
109 0.013520953405618017 100.0 
119 6.321054408726166 90.0 
129 23.527430423682713 50.0 
139 13.175649431434575 50.0 
149 0.05497951591465604 100.0 
159 7.721424171201647 60.0 
169 6.068675338418237 60.0 
179 2.0943895283885423 80.0 
189 0.25544497363612406 90.0 
199 6.175035702520347 70.0 
209 14.931182163195677 80.0 
219 5.915153120989426 80.0 
229 13.720206624130663 70.0 
239 15.12144647379651 60.0 
249 4.522992879118665 50.0 
259 9.888908750265625 60.0 
269 5.0799792816436924e-08 100.0 
279 5.727791619350812 60.0 
289 3.722640684702082 80.0 
299 0.9701843716888259 80.0 
309 6.0874069033906135 70.0 
319 6.082720477336386 50.0 
329 9.031458654998541 20.0 
339 5.3927433180474456 40.0 
349 0.8313659507232034 90.0 
359 8.116196723975783 70.0 
369 3.9644267529684405 60.0 
379 1.3870207245143573 90.0 
389 0.9126425174049413 90.0 
399 9.589241538505526 40.0 
409 5.7517785062608 50.0 
419 6.399618459043122 40.0 
429 9.32373853222997 60.0 
439 5.47838063879885 90.0 
449 12.389156748117957 40.0 
459 1.2197484857058012 90.0 
469 2.0476925746963763 80.0 
479 6.095269263691449 60.0 
489 6.080096011048872 70.0 
499 1.0994552553812114 90.0 
509 5.347692817133627 60.0 
519 4.816031792125267 70.0 
529 2.076916572267221 90.0 
539 6.116286426029986 70.0 
549 4.270724406321596 70.0 
559 2.011704978115472 80.0 
569 7.897640996879919 70.0 
579 0.46645463714566826 90.0 
589 3.8953544559209496 90.0 
599 2.4248231745556543 80.0 
609 9.411334200648184 40.0 
619 3.322149573186094 90.0 
629 1.2670908872270927 80.0 
639 9.369508007429422 70.0 
649 4.901732414869846 90.0 
659 9.467124659201 60.0 
669 9.409614883639787 70.0 
679 11.777507726012953 60.0 
689 4.681717995135957 70.0 
699 2.874409687401344 70.0 
709 18.61143376070769 90.0 
