149 4.249197986021675 3.3333333333333335 
299 3.9000352805760676 11.333333333333332 
449 3.6550778486197752 20.0 
599 3.3837720830578095 22.666666666666664 
749 3.201826749741669 22.0 
899 3.0659814585788814 30.666666666666664 
1049 2.9119291663176896 32.0 
1199 2.845609148619666 32.0 
1349 2.6418298450963094 39.33333333333333 
1499 2.587547836236004 43.333333333333336 
1649 2.502811594271611 38.666666666666664 
1799 2.511506530845908 38.0 
1949 2.252200166724705 44.666666666666664 
2099 2.3617066638577175 41.333333333333336 
2249 2.3886370809224755 40.0 
2399 2.1074681062654004 52.0 
2549 2.007606663478411 56.666666666666664 
2699 2.0030136495860775 48.0 
2849 2.0058761388300628 48.0 
2999 1.954257540988734 48.0 
3149 2.030126345928853 49.333333333333336 
3299 1.9007457684169227 56.666666666666664 
3449 1.821754649033334 51.33333333333333 
3599 1.7609576923032164 57.99999999999999 
3749 1.9751002584722104 56.666666666666664 
3899 1.910234391461965 48.66666666666667 
4049 1.9674858180595183 52.666666666666664 
4199 1.7550774276628844 58.666666666666664 
4349 1.782881316747934 56.666666666666664 
4499 1.9157959744564481 46.666666666666664 
4649 1.8261557998695381 54.666666666666664 
4799 1.7127294174724346 52.666666666666664 
4949 1.648709131911738 55.333333333333336 
5099 1.6230046464661319 59.333333333333336 
5249 1.5923138255313036 57.99999999999999 
5399 1.8569295183869958 56.666666666666664 
5549 1.9325515478019948 51.33333333333333 
5699 1.7879219068647907 54.0 
5849 1.6275209038563376 56.666666666666664 
5999 1.5066036147596857 59.333333333333336 
6149 1.8923954772338 53.333333333333336 
6299 1.4302496758357284 61.33333333333333 
6449 1.7499603222432036 57.99999999999999 
6599 1.502016239225215 62.0 
6749 1.691028424584446 57.99999999999999 
6899 1.5671309941285478 61.33333333333333 
7049 1.690863481043433 59.333333333333336 
7199 1.7539734774022968 55.333333333333336 
7349 1.6404189681414716 58.666666666666664 
7499 1.6091685277783676 56.666666666666664 
7649 1.6582588671031269 56.00000000000001 
7799 1.5307095410182923 57.99999999999999 
7949 1.5216618376112812 62.66666666666667 
8099 1.5439637240838953 59.333333333333336 
8249 1.8306670983439066 54.666666666666664 
8399 1.8687658545773396 56.00000000000001 
8549 1.6301141412715465 57.333333333333336 
8699 1.865315978943515 51.33333333333333 
8849 1.6791485352552384 57.99999999999999 
8999 1.6024765461387047 61.33333333333333 
9149 1.5889308492241214 57.333333333333336 
9299 1.429451911695291 60.0 
9449 1.6681929013691603 57.99999999999999 
9599 1.5754047180679145 61.33333333333333 
9749 1.580458524276166 57.99999999999999 
9899 1.574917869584447 62.66666666666667 
10049 1.6892241282296447 58.666666666666664 
10199 1.274860429625112 68.66666666666667 
10349 1.595652973403245 57.99999999999999 
10499 1.3796674276288199 69.33333333333334 
10649 1.4484620809263782 65.33333333333333 
10799 1.3746325371712333 65.33333333333333 
10949 1.5143436289006735 60.0 
11099 1.1722123771531474 72.0 
11249 1.3610437858288578 66.0 
11399 1.2151514759607476 64.0 
11549 1.2547707061320847 72.66666666666667 
11699 1.293019322125846 64.66666666666666 
11849 1.3415363557897875 66.0 
11999 1.4513915456341155 67.33333333333333 
12149 1.2762855013126144 65.33333333333333 
12299 1.3009982622030158 64.0 
12449 1.231413225494297 66.66666666666666 
12599 1.2861573162997448 70.66666666666667 
12749 1.1268760396457511 69.33333333333334 
12899 1.2421021251030289 66.66666666666666 
13049 1.329292463558377 68.0 
13199 1.659416811965304 59.333333333333336 
13349 1.2467864250023861 66.0 
13499 1.3037912748818632 66.66666666666666 
13649 1.1623356043930841 65.33333333333333 
13799 1.39089624694434 64.0 
13949 1.1937629242670673 71.33333333333334 
14099 1.4561857099493736 64.66666666666666 
14249 1.3165773155220175 70.0 
14399 1.2294097964714252 69.33333333333334 
14549 1.336450517214723 67.33333333333333 
14699 1.3315291832385452 68.66666666666667 
14849 1.4288066396042112 57.99999999999999 
14999 1.4986068094129086 66.66666666666666 
15149 1.3249420320037455 66.0 
15299 1.2199311348787878 68.0 
15449 1.3279614895755667 65.33333333333333 
15599 1.363273749557639 65.33333333333333 
15749 1.417465386434284 63.33333333333333 
15899 1.2688083581490484 63.33333333333333 
16049 1.2429594367400045 72.0 
16199 1.398358291769392 66.66666666666666 
16349 1.3659762429615916 62.66666666666667 
16499 1.1130874207022639 76.0 
16649 1.3674699773723489 66.66666666666666 
16799 1.2176443341156515 71.33333333333334 
16949 1.2340858952508003 68.0 
17099 1.3550076788142924 66.66666666666666 
17249 1.5193339502681333 59.333333333333336 
17399 1.5075110560302645 64.66666666666666 
17549 1.3160755927571708 66.66666666666666 
17699 1.0727396499640178 70.0 
17849 1.348483377428391 67.33333333333333 
17999 1.2720245120142328 61.33333333333333 
18149 1.1899090568309596 70.0 
18299 1.343533136783352 65.33333333333333 
18449 1.2400418687182535 72.0 
18599 1.3596386094410442 64.66666666666666 
18749 1.4918718780947076 62.66666666666667 
18899 1.3013727798212649 64.0 
19049 1.225453426582573 68.66666666666667 
19199 1.4891186934614955 58.666666666666664 
19349 1.0022314420111935 72.0 
19499 1.2601381350469725 70.0 
19649 1.27519578345455 63.33333333333333 
19799 1.3235885233882985 63.33333333333333 
19949 0.8721187068641598 74.66666666666667 
20099 0.9756475360785863 76.66666666666667 
20249 1.3645527243926312 68.66666666666667 
20399 1.3719963508046333 69.33333333333334 
20549 1.2354721204302945 70.0 
20699 1.5374869829341693 56.666666666666664 
20849 1.2126775734263804 68.0 
20999 1.2165705769145598 67.33333333333333 
21149 1.5196457557907264 62.66666666666667 
21299 1.1009990742272109 73.33333333333333 
21449 1.0071992792257318 72.0 
21599 1.122466337029621 74.66666666666667 
21749 1.0682025439336116 72.0 
21899 1.1054607595885304 72.0 
22049 1.161546804591977 70.66666666666667 
22199 1.236829579894303 68.66666666666667 
22349 1.09500130962742 72.66666666666667 
22499 1.237793206252451 73.33333333333333 
22649 1.0370877461147934 74.0 
22799 1.1140625112292855 72.66666666666667 
22949 1.0721470925165293 72.0 
23099 1.4792630243109677 62.0 
23249 1.0280860281298867 68.66666666666667 
23399 1.2774391722542728 70.0 
23549 1.3639985096648175 67.33333333333333 
23699 1.0605677483167304 75.33333333333333 
23849 1.2327135708214128 68.0 
23999 1.227129405747892 70.0 
24149 1.1340678230662893 63.33333333333333 
24299 1.1619961465989852 74.66666666666667 
24449 1.2348473725627838 69.33333333333334 
24599 1.028831568878867 76.0 
24749 1.000042566572684 73.33333333333333 
24899 0.9836915544365155 74.66666666666667 
25049 1.19184161965722 66.0 
25199 0.9979508495830114 72.0 
25349 0.9930338328929332 71.33333333333334 
25499 1.0948000013577006 71.33333333333334 
25649 1.009596907659099 74.0 
25799 1.1187635793791566 71.33333333333334 
25949 1.1114039680747143 73.33333333333333 
26099 1.415009538726151 58.666666666666664 
26249 1.0381948630537365 71.33333333333334 
26399 1.1201179649010027 69.33333333333334 
26549 1.0885302424134586 66.0 
26699 1.176106873505071 76.0 
26849 1.0714887967003663 70.66666666666667 
26999 1.0697656338808557 70.0 
27149 1.297822057004581 68.66666666666667 
27299 1.5779871718499299 66.0 
27449 1.1702851357954132 64.66666666666666 
27599 1.0382824086183384 72.66666666666667 
27749 1.265078487000203 68.66666666666667 
27899 1.4378357083499655 65.33333333333333 
28049 1.0285295593888155 80.0 
28199 1.0784456036680217 74.66666666666667 
28349 1.085054285564163 72.66666666666667 
28499 1.0685078439868045 74.0 
28649 1.1448551580050625 72.0 
28799 1.1841937889212686 66.66666666666666 
28949 1.2609808626214718 66.66666666666666 
29099 1.0706520197863891 70.0 
29249 0.8399960262328691 75.33333333333333 
29399 1.1031247571061624 74.66666666666667 
29549 1.330478533042566 72.0 
29699 1.2064037483891699 71.33333333333334 
29849 1.1107554530524095 72.66666666666667 
29999 1.0912641251183015 71.33333333333334 
30149 0.9232485851726331 78.0 
30299 1.1801622971833263 71.33333333333334 
30449 1.1266025239304562 70.66666666666667 
30599 1.0913488922514278 70.0 
30749 1.1577703936043657 69.33333333333334 
30899 0.9728616464805776 78.0 
31049 1.2641796353933694 67.33333333333333 
31199 1.1362068844300723 69.33333333333334 
31349 1.1707939579843425 69.33333333333334 
31499 1.083539669924246 70.0 
31649 1.3261358174686637 64.0 
31799 0.9613327141964121 72.0 
31949 1.0839507964730932 69.33333333333334 
32099 0.9496379837319877 76.66666666666667 
32249 1.0124495446291013 76.0 
32399 1.0178405862237627 74.0 
32549 1.241011924187826 67.33333333333333 
32699 1.0149741891275328 74.66666666666667 
32849 1.0000189281817564 75.33333333333333 
32999 0.8528153690567157 78.0 
33149 1.1150191188531446 75.33333333333333 
33299 1.0042968331644182 73.33333333333333 
33449 1.1421805607045317 70.0 
33599 0.942557543163579 80.66666666666666 
33749 1.0584378031741508 76.0 
33899 0.8080678255082333 76.0 
34049 0.9177921014766806 74.66666666666667 
34199 1.0371533248226188 76.0 
34349 1.0555065202341487 78.66666666666666 
34499 1.1622345785195378 72.0 
34649 0.9364491716790521 76.0 
34799 0.9608007741504648 76.66666666666667 
34949 1.1611698986015508 72.66666666666667 
35099 1.11228994264106 73.33333333333333 
35249 0.9447544562669977 74.66666666666667 
35399 0.9953250991324366 74.0 
35549 1.0385895062933996 74.66666666666667 
35699 1.238317990680374 67.33333333333333 
35849 1.123413262881408 69.33333333333334 
35999 0.9543230172779185 76.66666666666667 
36149 1.1547651766881433 73.33333333333333 
36299 1.0704707266102718 70.66666666666667 
36449 1.0820801402576525 74.0 
36599 1.2762727738500035 70.0 
36749 1.067952483531717 73.33333333333333 
36899 0.8565313882181542 76.66666666666667 
37049 1.0967405557472232 75.33333333333333 
37199 1.1878182305470208 72.0 
37349 1.2249108716232262 69.33333333333334 
37499 0.9502580320125181 78.0 
37649 0.8882747324242896 81.33333333333333 
37799 0.9846844316358417 71.33333333333334 
37949 0.9752412288128941 74.0 
38099 1.0717449871675628 74.0 
38249 1.1480652332033614 70.66666666666667 
38399 1.1382293399956602 72.66666666666667 
38549 0.9876050180230271 76.0 
38699 1.0832478462470558 72.0 
38849 1.0873010331752582 72.0 
38999 0.9383732451598612 78.66666666666666 
39149 0.9034038134108509 74.0 
39299 0.8871453129516504 73.33333333333333 
39449 0.9822975004168565 74.0 
39599 1.208353844979881 68.0 
39749 1.000745512041181 74.0 
39899 1.0467291408257056 71.33333333333334 
40049 1.1418009087240557 68.0 
40199 1.0783022474516821 70.0 
40349 1.0834598418226131 73.33333333333333 
40499 1.063548620312316 70.0 
40649 1.1034753337859184 72.66666666666667 
40799 1.0391365472397127 78.66666666666666 
40949 0.9665235907359924 74.0 
41099 0.9885561725055975 75.33333333333333 
41249 0.9086563245623832 72.0 
41399 0.9529474821107552 75.33333333333333 
41549 1.278125515022467 71.33333333333334 
41699 0.9700983042425495 71.33333333333334 
41849 1.1383078899735346 66.0 
41999 0.9890862816139468 72.0 
42149 1.0070844612705316 69.33333333333334 
42299 1.1808736198276202 70.0 
42449 1.0238848453680545 73.33333333333333 
42599 0.9315106442352821 75.33333333333333 
42749 0.8479206155263498 80.0 
42899 0.7899536776325904 79.33333333333333 
43049 0.9113416366896362 76.0 
43199 0.9866340053173966 72.66666666666667 
43349 0.9609284153480445 76.0 
43499 0.7889803027976727 84.0 
43649 0.8587002001465923 79.33333333333333 
43799 0.7793388371433159 81.33333333333333 
43949 0.9829438278302338 71.33333333333334 
44099 0.9662329784579851 74.66666666666667 
44249 0.8369427150498739 78.0 
44399 0.8260776279385063 80.66666666666666 
44549 0.9799763076286698 72.0 
44699 0.9079328960146281 75.33333333333333 
44849 1.083351253403448 68.66666666666667 
44999 1.0379588455430728 72.0 
45149 0.8270502312173182 80.0 
45299 1.0453374937629607 70.66666666666667 
45449 1.0909788037041281 73.33333333333333 
45599 0.9763152359701474 78.66666666666666 
45749 0.9187017315255012 78.66666666666666 
45899 1.0001011247193359 77.33333333333333 
46049 1.3622416233666756 63.33333333333333 
46199 1.0639979907485946 71.33333333333334 
46349 0.9628480171150212 75.33333333333333 
46499 0.9345786951282321 73.33333333333333 
46649 0.9779349281669355 74.0 
46799 0.8482555338034914 77.33333333333333 
46949 0.737306982830945 84.0 
47099 0.881807739285743 74.0 
47249 0.7223698595349778 80.0 
47399 1.057537835084844 70.66666666666667 
47549 0.9274739781233594 75.33333333333333 
47699 0.8552182580972248 80.66666666666666 
47849 1.117125499632046 73.33333333333333 
47999 0.9227273283034124 74.66666666666667 
48149 1.1447647139442576 70.66666666666667 
48299 0.9939520206343321 77.33333333333333 
48449 1.0146690492494133 72.66666666666667 
48599 0.9246095454655368 74.66666666666667 
48749 1.0202836230237824 72.0 
48899 0.8414501015007523 79.33333333333333 
49049 0.9572161967823231 74.66666666666667 
49199 0.9528588747351472 74.66666666666667 
49349 1.0528252575225618 77.33333333333333 
49499 0.9282112816954189 74.66666666666667 
49649 1.126825281488659 71.33333333333334 
49799 0.9297365125467807 76.0 
49949 0.8712603478228217 78.0 
50099 1.096912139071311 71.33333333333334 
50249 1.1329005118547542 72.66666666666667 
50399 1.090196613239896 78.66666666666666 
50549 0.9132508863943527 78.0 
50699 0.9232016659674706 76.0 
50849 1.2857176683247498 72.66666666666667 
50999 1.0058184352478978 72.0 
51149 1.087427556853105 69.33333333333334 
51299 1.1690193448455923 71.33333333333334 
51449 0.8241637175717688 78.0 
51599 1.1144754891848767 70.0 
51749 1.1212496431154182 71.33333333333334 
51899 0.9358592300805606 74.0 
52049 1.066194954560764 72.66666666666667 
52199 1.0757569903918127 74.0 
52349 1.0587763289972587 73.33333333333333 
52499 1.0190345362707822 74.0 
52649 0.8860093019590084 76.66666666666667 
52799 1.1117370331445864 72.66666666666667 
52949 0.8370549585264382 78.0 
53099 0.9196002983580657 71.33333333333334 
53249 0.8311605978759188 80.0 
53399 0.7816022656541368 77.33333333333333 
53549 0.9543038637611432 75.33333333333333 
53699 1.0121432755460265 72.66666666666667 
53849 0.8244193651756917 80.0 
53999 0.9368613912177225 78.0 
54149 0.8863271753090476 76.0 
54299 0.7294961627050542 74.66666666666667 
54449 0.8169675006000868 78.66666666666666 
54599 0.799352965361285 77.33333333333333 
54749 0.8635709240494809 78.0 
54899 0.770662202331269 84.66666666666667 
55049 0.8815796227174927 78.0 
55199 0.7408016116070936 82.66666666666667 
55349 0.9490092954095843 72.0 
55499 0.882485669670749 78.0 
55649 0.8315485545044597 79.33333333333333 
55799 0.8514960507256296 76.66666666666667 
55949 0.9980561955716926 74.66666666666667 
56099 0.7958879966814881 78.66666666666666 
56249 0.8103872632415502 80.0 
56399 0.8160597711145023 78.66666666666666 
56549 1.0279027625986887 71.33333333333334 
56699 0.8735477639524547 78.66666666666666 
56849 0.7841514134556096 80.0 
56999 1.1852969109448257 73.33333333333333 
57149 1.0703427599559308 73.33333333333333 
57299 0.9823463871437006 71.33333333333334 
57449 0.8287604349544715 76.66666666666667 
57599 0.634028251403731 82.66666666666667 
57749 0.9110198185764615 77.33333333333333 
57899 0.9390714727990559 76.66666666666667 
58049 0.8586726155653196 81.33333333333333 
58199 0.8700659104386282 74.0 
58349 0.7259845226261723 80.0 
58499 1.137438510655709 73.33333333333333 
58649 1.0035514198280622 72.0 
58799 0.9372606287685534 74.66666666666667 
58949 1.0523978114886514 72.0 
59099 1.2448515527015667 71.33333333333334 
59249 1.0716319577921154 77.33333333333333 
59399 1.0499250854053503 72.0 
59549 1.102001567813254 72.66666666666667 
59699 1.0132800501322023 72.66666666666667 
59849 0.81326565194588 76.66666666666667 
59999 1.0714626579886284 70.0 
60149 0.8978324678444369 76.66666666666667 
60299 0.8347816809928873 81.33333333333333 
60449 0.9365679405144918 72.66666666666667 
60599 0.9809856085221466 74.66666666666667 
60749 1.0456076920031165 74.66666666666667 
60899 0.8848155210177432 76.0 
61049 1.1306417142593324 72.66666666666667 
61199 0.7903479744029427 80.66666666666666 
61349 1.1176830623906078 72.66666666666667 
61499 0.7505657787652577 76.0 
61649 0.7773627398260744 77.33333333333333 
61799 0.9536912842121542 78.0 
61949 0.7933913033171297 72.66666666666667 
62099 0.987291829665125 75.33333333333333 
62249 0.8532152720012055 79.33333333333333 
62399 0.8008570756311326 77.33333333333333 
62549 1.3712448537426236 66.66666666666666 
62699 1.0267502465082752 72.0 
62849 0.9466592263812317 75.33333333333333 
62999 0.9801521203652792 78.66666666666666 
63149 0.9919915096367591 76.0 
63299 0.721767188123761 82.0 
63449 0.9743320131733394 77.33333333333333 
63599 0.907236066350405 75.33333333333333 
63749 0.9311949583060027 75.33333333333333 
63899 1.1171976888334385 70.0 
64049 0.7392797778133612 81.33333333333333 
64199 0.8719224834555732 80.0 
64349 1.0422965425696413 74.66666666666667 
64499 0.8040723647308406 82.66666666666667 
64649 0.6729659461810585 82.66666666666667 
64799 0.6419124751784075 84.66666666666667 
64949 0.8393008461665051 75.33333333333333 
65099 0.9392009793134146 77.33333333333333 
65249 0.6949672849405207 79.33333333333333 
65399 0.8774788413674272 78.66666666666666 
65549 0.6861571410180126 79.33333333333333 
65699 0.6750543020953705 85.33333333333334 
65849 1.0029800781982379 74.66666666666667 
65999 1.183147777507621 74.0 
66149 0.8189475731736026 74.66666666666667 
66299 0.8275355849170396 77.33333333333333 
66449 0.9438600654651718 75.33333333333333 
66599 0.8987250814722586 78.0 
66749 0.7815024211608274 77.33333333333333 
66899 1.0568478954439837 80.66666666666666 
67049 0.6165391193465033 85.33333333333334 
67199 0.9540188672686942 74.66666666666667 
67349 0.7621349125272407 80.66666666666666 
67499 0.9409194831621691 80.0 
67649 0.7791586347769812 79.33333333333333 
67799 0.8234558686151011 78.0 
67949 0.9492236507477482 76.0 
68099 0.8195278979957973 82.0 
68249 0.9185856905207218 74.66666666666667 
68399 0.8337382136305062 82.66666666666667 
68549 0.7545416706635074 78.0 
68699 0.8954459891997018 76.0 
68849 0.7962309213870609 77.33333333333333 
68999 1.1078688272350938 72.0 
69149 0.8506719889458597 75.33333333333333 
69299 0.8152370327205953 78.66666666666666 
69449 0.8434971820742218 78.66666666666666 
69599 1.0348840124857057 74.66666666666667 
69749 0.8482566525140024 78.0 
69899 0.6452656452298341 84.66666666666667 
70049 0.8557039883436729 76.0 
70199 0.8199938405776848 77.33333333333333 
70349 0.8048016671589646 76.66666666666667 
70499 0.7391120880525193 83.33333333333334 
70649 1.085421720765763 74.0 
70799 0.8485319691873062 77.33333333333333 
70949 0.9111550857198785 77.33333333333333 
71099 0.9429696647632873 75.33333333333333 
71249 0.8199409781995325 79.33333333333333 
71399 1.223475348436341 71.33333333333334 
71549 0.7888516092069553 78.0 
71699 0.8210139090642278 74.0 
71849 0.7260368324548636 78.0 
71999 0.9553059721485065 75.33333333333333 
72149 0.863679341317946 77.33333333333333 
72299 0.8296377714939286 78.66666666666666 
72449 0.9707835879012601 74.66666666666667 
72599 1.1424590164583441 69.33333333333334 
72749 0.7445180743419689 78.0 
72899 1.2532107111298576 68.0 
73049 0.9099418229000166 74.66666666666667 
73199 0.8241933839718009 80.66666666666666 
73349 1.080604460655141 76.66666666666667 
73499 0.9535788833017058 75.33333333333333 
73649 0.9444631165442041 74.66666666666667 
73799 0.8473543436730148 81.33333333333333 
73949 1.0792740398098621 72.0 
74099 0.944224801170778 76.0 
74249 0.8458607051262896 82.0 
74399 1.010774834362419 74.66666666666667 
74549 0.9816324109833436 75.33333333333333 
74699 0.5691841169822683 85.33333333333334 
74849 0.7110662654788291 84.0 
74999 0.8838033999631919 79.33333333333333 
75149 0.7045275759439147 80.66666666666666 
75299 0.7568156074978784 82.66666666666667 
75449 0.9289377437385494 79.33333333333333 
75599 0.8767116117464019 79.33333333333333 
75749 0.9521968788046735 72.0 
75899 0.7657334111549671 78.66666666666666 
76049 0.5344324173834059 86.0 
76199 0.8645567361525007 75.33333333333333 
76349 0.8792111227120141 78.0 
76499 0.8206146092843313 82.0 
76649 0.8779291875898587 76.0 
76799 0.8467032411051408 78.0 
76949 0.8051963454891568 78.66666666666666 
77099 0.7740076548564477 80.0 
77249 0.7820416905308367 80.66666666666666 
77399 0.7378450527353072 80.66666666666666 
77549 0.7453783032273972 79.33333333333333 
77699 0.7440467030854511 82.0 
77849 0.7861491875736036 80.66666666666666 
77999 0.8189092812291294 78.0 
78149 0.7933883565861382 81.33333333333333 
78299 0.9521861587607071 75.33333333333333 
78449 0.8854922391440492 75.33333333333333 
78599 1.0031546295049794 76.66666666666667 
78749 0.8052908331693892 74.66666666666667 
78899 1.0647789268479668 75.33333333333333 
79049 0.8943715480333958 73.33333333333333 
79199 0.797564361827294 82.66666666666667 
79349 0.8267643677533806 75.33333333333333 
79499 0.8569174432512899 80.0 
79649 0.9541106059967984 76.66666666666667 
79799 0.7343188554915687 82.0 
79949 0.7670706207086314 76.66666666666667 
80099 0.7891386789691585 80.0 
80249 0.9777084246643866 76.66666666666667 
80399 0.7408551020702299 82.66666666666667 
80549 0.9054498882246839 75.33333333333333 
80699 0.6732922064123179 82.0 
80849 0.9263233725127742 79.33333333333333 
80999 1.0000570845558236 78.66666666666666 
81149 0.6162505098280415 81.33333333333333 
81299 0.9978160418529888 73.33333333333333 
81449 0.8643278641964277 74.66666666666667 
81599 1.0037020425399361 76.0 
81749 0.8404097513402418 80.0 
81899 0.8404186899151123 78.0 
82049 0.9208338106064566 75.33333333333333 
82199 0.9357852642924801 74.0 
82349 0.9328091173147357 76.66666666666667 
82499 0.7767761046618495 76.66666666666667 
82649 0.8392339783531808 78.66666666666666 
82799 0.7308964459229417 81.33333333333333 
82949 1.1120686519287677 72.0 
83099 0.7263722666763432 77.33333333333333 
83249 0.7456986779480884 78.66666666666666 
83399 0.8158017026069706 77.33333333333333 
83549 0.9709836040054042 74.0 
83699 0.7757306207913505 80.66666666666666 
83849 1.0747355155471414 72.66666666666667 
83999 0.9263959489470678 74.0 
84149 0.9014885248764409 76.66666666666667 
84299 0.6781414066316224 79.33333333333333 
84449 0.9685759118771663 78.0 
84599 0.8220921744985112 77.33333333333333 
84749 0.8668260274075753 70.0 
84899 0.9880133714336335 76.0 
85049 0.9889962347027931 78.66666666666666 
85199 0.7664107456359563 76.0 
85349 0.7768733636629837 80.0 
85499 0.7783542703638893 80.0 
85649 0.8528498661944292 77.33333333333333 
85799 0.8492719390360354 74.0 
85949 0.6833954692129135 86.0 
86099 1.0181616790079298 72.0 
86249 0.7581951973419275 85.33333333333334 
86399 0.8991181582408522 74.0 
86549 0.7150714252664272 82.0 
86699 0.8021505536140515 76.66666666666667 
86849 0.7586409194422189 82.66666666666667 
86999 0.7477016884134574 85.33333333333334 
87149 0.7751412772780568 76.66666666666667 
87299 0.7961734039429051 80.66666666666666 
87449 0.7657590212965583 81.33333333333333 
87599 0.650339315954286 82.0 
87749 0.8188010147594412 78.0 
87899 0.5613133272987649 82.0 
88049 0.7274294858550006 75.33333333333333 
88199 1.0607235952321432 78.66666666666666 
88349 0.9101666168464949 73.33333333333333 
88499 0.8219292452181312 81.33333333333333 
88649 1.0900771055582525 76.66666666666667 
88799 0.7208572995112801 78.66666666666666 
88949 0.8893509850675849 84.0 
89099 0.8172589633266217 76.0 
89249 0.7654252729243668 80.0 
89399 0.9628055326275179 74.66666666666667 
89549 0.8123698293105136 74.66666666666667 
89699 0.8576428635674239 76.0 
89849 0.8683428984427295 74.66666666666667 
89999 0.7127392393467827 82.66666666666667 
90149 0.681530458000157 79.33333333333333 
90299 0.8900293417275538 76.0 
90449 0.7717369545385823 77.33333333333333 
90599 0.6076584889122512 86.0 
90749 0.824518098438604 80.66666666666666 
90899 0.7705098940641131 76.0 
91049 0.7259432753655566 83.33333333333334 
91199 1.042838418086467 72.66666666666667 
91349 0.7256769158996587 82.0 
91499 1.0324536406827673 74.66666666666667 
91649 0.9077246499127913 81.33333333333333 
91799 0.5421824265171513 85.33333333333334 
91949 0.8636659238258297 78.66666666666666 
92099 0.8990706671734038 75.33333333333333 
92249 0.9475849568388394 75.33333333333333 
92399 0.7668575246201942 81.33333333333333 
92549 0.687713426742231 84.0 
92699 0.6954083636144036 79.33333333333333 
92849 0.7980442293657319 77.33333333333333 
92999 0.8432142564740958 76.66666666666667 
93149 0.8474860381116239 79.33333333333333 
93299 0.9616689152003182 76.66666666666667 
93449 1.0320925072105853 72.66666666666667 
93599 0.9710396105056002 68.66666666666667 
93749 0.8536028193681161 76.0 
93899 0.6678771953204921 78.66666666666666 
94049 0.8388889680812021 80.66666666666666 
94199 0.6003363425546052 81.33333333333333 
94349 0.7380814964596608 78.66666666666666 
94499 0.9319471870314431 78.66666666666666 
94649 0.9144285110349061 76.0 
94799 0.6837331831977697 82.66666666666667 
94949 0.9785216062884221 73.33333333333333 
95099 0.8320156916239675 78.66666666666666 
95249 0.935178365547056 74.66666666666667 
95399 0.8572836932397155 73.33333333333333 
95549 0.787563288612753 80.66666666666666 
95699 0.8658670512123838 76.66666666666667 
95849 0.6255255979631711 84.0 
95999 0.8357741096444946 77.33333333333333 
96149 0.7502093967625302 81.33333333333333 
96299 0.7036450083671522 81.33333333333333 
96449 0.6107058081537675 86.66666666666667 
96599 0.7763525405725021 79.33333333333333 
96749 0.8484327799240867 80.0 
96899 0.6784564695421256 80.66666666666666 
97049 0.7229260278218875 78.0 
97199 0.6789198620525345 80.66666666666666 
97349 0.7344543469035777 84.0 
97499 0.6884343934784055 84.66666666666667 
97649 0.7731057291717877 80.66666666666666 
97799 0.6540823008010384 82.0 
97949 0.6528589618752967 83.33333333333334 
98099 0.7532212270461442 81.33333333333333 
98249 0.8107532427934826 78.0 
98399 0.8747931597852899 78.0 
98549 0.7692366303090645 81.33333333333333 
98699 0.9314378451769049 74.0 
98849 0.6901527715283499 82.66666666666667 
98999 0.8862679815250762 80.0 
99149 0.7391373480379029 82.0 
99299 0.8163061832038271 79.33333333333333 
99449 0.6938721882784737 82.0 
99599 0.8648755430552095 79.33333333333333 
99749 0.7306065616133226 77.33333333333333 
99899 1.0537255274678927 78.0 
100049 0.6997178903822459 78.66666666666666 
100199 0.8311946127803774 78.0 
100349 0.9732831639723649 76.0 
100499 0.8450005562233948 81.33333333333333 
100649 0.5327978281452068 87.33333333333333 
100799 0.6302818300427916 89.33333333333333 
100949 0.9176135468718788 76.0 
101099 0.5647699936382542 84.0 
101249 0.9648713052103075 78.0 
101399 0.7913378237013059 80.66666666666666 
101549 0.682502703599668 82.66666666666667 
101699 0.7537039900861392 79.33333333333333 
101849 0.7505342408124462 77.33333333333333 
101999 0.5923244096352498 86.66666666666667 
102149 0.8877303808012962 73.33333333333333 
102299 0.7212997245661399 84.66666666666667 
102449 0.8863646600114775 76.66666666666667 
102599 0.7696874860290622 77.33333333333333 
102749 0.8224503309650012 77.33333333333333 
102899 0.8473711503701918 82.0 
103049 0.9101869548351641 79.33333333333333 
103199 0.9695389150147222 76.66666666666667 
103349 0.682634058651601 78.66666666666666 
103499 0.7244341501334691 84.0 
103649 0.6918402574942549 83.33333333333334 
103799 0.7645431807237214 79.33333333333333 
103949 0.7246863231548494 76.66666666666667 
104099 0.8920275374966435 80.66666666666666 
104249 1.0557192405611913 73.33333333333333 
104399 0.8329977411653183 82.0 
104549 0.7967264427223585 76.66666666666667 
104699 0.7272689279146141 80.66666666666666 
104849 0.7633895801010487 81.33333333333333 
104999 0.9333770811879697 76.0 
105149 0.862419379053517 76.0 
105299 0.736227307060376 80.66666666666666 
105449 0.733825419140813 83.33333333333334 
105599 0.7813359545238805 81.33333333333333 
105749 0.9004566659523962 77.33333333333333 
105899 0.9887752645708383 75.33333333333333 
106049 0.7919306372033255 78.66666666666666 
106199 0.890598676390278 74.66666666666667 
106349 0.8452714037071248 78.66666666666666 
106499 0.8639896539415014 80.66666666666666 
106649 0.7005004371756932 84.0 
106799 0.5919657569726128 88.0 
106949 0.7361967163437125 80.66666666666666 
107099 0.5755615158863495 86.0 
107249 0.6113471914580909 85.33333333333334 
107399 0.5260093234504754 84.66666666666667 
107549 0.5215842240767734 85.33333333333334 
107699 0.682691200890898 84.66666666666667 
107849 0.8801195807323423 79.33333333333333 
107999 0.5281967910734416 86.66666666666667 
108149 0.6916767297075332 80.66666666666666 
108299 0.6072339169607349 86.0 
108449 0.7626077610047587 85.33333333333334 
108599 0.7647037784243604 80.0 
108749 0.6352335933496627 82.0 
108899 0.8113990522798211 81.33333333333333 
109049 0.7441182730266948 82.0 
109199 0.5095004724640742 86.0 
109349 0.9172096428276412 78.66666666666666 
109499 0.7686259114462766 77.33333333333333 
109649 0.8756831752311024 74.0 
109799 0.710269217115041 81.33333333333333 
109949 0.9714567323516237 74.66666666666667 
110099 0.6554018118931252 83.33333333333334 
110249 0.7941434089616217 80.66666666666666 
110399 0.6562251506464019 84.66666666666667 
110549 0.7549685245904157 84.0 
110699 0.8369497181075966 76.0 
110849 0.765544877429711 82.66666666666667 
110999 0.6727488792993274 82.0 
111149 0.7343361632026247 78.0 
111299 0.8953331678064378 77.33333333333333 
111449 0.9525499921073145 75.33333333333333 
111599 0.6070264760520617 85.33333333333334 
111749 0.885120234183556 73.33333333333333 
111899 0.7860725910279797 74.66666666666667 
112049 0.7961047361221599 78.66666666666666 
112199 0.5400918391901148 88.0 
112349 0.8421587098523877 76.66666666666667 
112499 0.7698224005248814 81.33333333333333 
112649 0.94006317169791 77.33333333333333 
112799 0.8007465614138636 82.66666666666667 
112949 0.8110302051306204 78.0 
113099 0.6780365914346177 84.0 
113249 0.7073991645129591 81.33333333333333 
113399 0.7611178467584113 76.0 
113549 0.7865183348201916 82.0 
113699 0.7599862013125779 82.66666666666667 
113849 0.8318954696641846 80.0 
113999 1.0658317762384433 74.0 
114149 0.7392467546619471 83.33333333333334 
114299 0.7488893517770076 80.66666666666666 
114449 0.8662821929250157 77.33333333333333 
114599 0.7519234115427387 76.66666666666667 
114749 0.8901601039287078 76.66666666666667 
114899 1.1506080789799409 73.33333333333333 
115049 0.7654612205774283 80.0 
115199 0.796069250723923 83.33333333333334 
115349 0.8047228977308218 78.0 
115499 0.6894718254302932 84.0 
115649 0.8135802612073006 81.33333333333333 
115799 0.6579110376272298 82.0 
115949 0.8675602383189158 76.0 
116099 0.7609714663766043 80.66666666666666 
116249 0.6933968425929202 83.33333333333334 
116399 0.8401306076699546 80.66666666666666 
116549 0.9219966140574295 80.0 
116699 0.6888176804084171 86.0 
116849 0.8314574165799593 78.0 
116999 0.7894411732517702 78.66666666666666 
117149 0.7626764342401461 79.33333333333333 
117299 0.6215861552575281 84.0 
117449 0.5984000519059591 85.33333333333334 
117599 0.8738434095436856 79.33333333333333 
117749 0.7713999023321823 82.0 
117899 0.6105166880577454 83.33333333333334 
118049 0.7179798670055186 79.33333333333333 
118199 0.744171407097711 82.0 
118349 0.6785421526120526 84.66666666666667 
118499 0.6661534441275163 83.33333333333334 
118649 0.7091995669754371 78.66666666666666 
118799 0.6176154811754934 86.0 
118949 0.6272316527095159 84.0 
119099 0.9798485604338137 77.33333333333333 
119249 0.6147570858456565 84.0 
119399 0.7805583643921836 81.33333333333333 
119549 0.7824621309566818 82.0 
119699 0.8235550977081747 80.66666666666666 
119849 0.686446572471041 84.0 
119999 0.6643340079220498 83.33333333333334 
120149 0.7266088979367415 82.66666666666667 
120299 0.7170012508517557 80.66666666666666 
120449 0.7345071683682474 80.0 
120599 0.717505346636402 82.0 
120749 0.6448351758612026 84.0 
120899 0.5919909884693653 84.0 
121049 0.7148420035469617 81.33333333333333 
121199 0.894992698578447 77.33333333333333 
121349 0.7886603853041543 85.33333333333334 
121499 0.6204536488484402 88.0 
121649 0.7095118502084836 83.33333333333334 
121799 0.6081136429997007 86.66666666666667 
121949 0.8083827584966554 82.0 
122099 0.7301994777400276 80.66666666666666 
122249 0.629178825074034 86.0 
122399 0.7701914950311246 82.0 
122549 0.9443191144786444 76.0 
122699 0.7970568665850305 81.33333333333333 
122849 0.7584796529196243 80.66666666666666 
122999 0.7973827411696963 79.33333333333333 
123149 0.7024597590253634 81.33333333333333 
123299 0.638547330823639 80.0 
123449 0.7213906240944309 84.0 
123599 0.6222845213598343 80.66666666666666 
123749 0.7840811969347096 83.33333333333334 
123899 0.7063791895467773 79.33333333333333 
124049 0.8176859774374357 78.66666666666666 
124199 0.7148434061242938 81.33333333333333 
124349 0.7197811346172751 78.66666666666666 
124499 0.5453422431307916 82.66666666666667 
124649 0.6660799059042771 80.66666666666666 
124799 0.9408844363901261 75.33333333333333 
124949 0.7153472540690292 80.0 
125099 0.8050068234814572 75.33333333333333 
125249 0.8380928016347908 76.66666666666667 
125399 0.635112752472368 83.33333333333334 
125549 0.764709929853435 79.33333333333333 
125699 0.5948322857082952 86.0 
125849 0.9102625912556099 80.66666666666666 
125999 1.0001253591246788 74.66666666666667 
126149 0.9102919247922442 76.0 
126299 0.9864772723459944 76.66666666666667 
126449 0.7466166645445421 80.66666666666666 
126599 0.8493342926620133 82.0 
126749 0.8179988834058376 77.33333333333333 
126899 0.5672098237645029 86.66666666666667 
127049 0.7726647194773515 81.33333333333333 
127199 0.6895961409468389 78.66666666666666 
127349 0.8330318238269153 81.33333333333333 
127499 0.836808645026955 74.66666666666667 
127649 0.7652849659899046 78.66666666666666 
127799 0.736148127282752 82.66666666666667 
127949 0.5687294028429911 87.33333333333333 
128099 0.6895541448038333 80.66666666666666 
128249 0.5413791228043142 85.33333333333334 
128399 0.6120644377874604 84.66666666666667 
128549 0.6425736232211703 85.33333333333334 
128699 1.0203811130414162 76.0 
128849 0.6062502945543375 87.33333333333333 
128999 0.4449960428895066 88.66666666666667 
129149 0.7044445709207338 82.0 
129299 0.7066678322815778 79.33333333333333 
129449 0.6699136023591231 86.0 
129599 0.564985228302267 87.33333333333333 
129749 0.7127140101844887 82.66666666666667 
129899 0.8072136623028058 81.33333333333333 
130049 0.813971534232862 76.66666666666667 
130199 0.50134328268129 87.33333333333333 
130349 0.9246320356103597 79.33333333333333 
130499 0.7726769662747724 78.66666666666666 
130649 0.6702007672459968 81.33333333333333 
130799 0.7397772704540486 82.66666666666667 
130949 0.6817213914867128 82.0 
131099 0.663433294893195 83.33333333333334 
131249 0.6966803237255457 80.66666666666666 
131399 0.7109261888599584 80.0 
131549 0.7147235147164411 82.0 
131699 0.655375035069342 82.66666666666667 
131849 0.618116197940173 80.66666666666666 
131999 0.7007271784449931 82.0 
132149 0.7784420899987993 82.66666666666667 
132299 0.7316801917323977 82.0 
132449 0.8027528426534647 76.66666666666667 
132599 0.6545990355777882 84.0 
132749 0.6093281061681403 84.0 
132899 0.8235732814175935 84.0 
133049 0.929061459379223 76.66666666666667 
133199 0.6860722768581208 81.33333333333333 
133349 0.6404123261264257 80.66666666666666 
133499 0.8522781005158345 78.0 
133649 0.6486027246103614 84.66666666666667 
133799 0.7724227319533918 76.0 
133949 0.7379901791218131 85.33333333333334 
134099 0.7352016533341528 84.66666666666667 
134249 0.7321923218272899 77.33333333333333 
134399 0.8402599017228982 76.0 
134549 0.8675663698662441 81.33333333333333 
134699 0.7362962679711108 83.33333333333334 
134849 0.7618962420590142 77.33333333333333 
134999 0.7077332217037224 82.0 
135149 0.800791207237275 79.33333333333333 
135299 0.559627452398316 84.0 
135449 0.9557984952945255 76.66666666666667 
135599 0.919462447786057 78.0 
135749 0.807370376473669 77.33333333333333 
135899 0.5606097791018995 84.0 
136049 0.9633331078075469 81.33333333333333 
136199 0.5906963779972133 85.33333333333334 
136349 0.7780647571075557 76.0 
136499 0.7677986907609768 80.66666666666666 
136649 0.4344246543562763 89.33333333333333 
136799 0.6791883356044385 82.66666666666667 
136949 0.8542763746747708 80.66666666666666 
137099 0.8012234950327932 78.0 
137249 0.5840031050386294 82.66666666666667 
137399 0.9808766902863572 74.66666666666667 
137549 0.7770577871334907 84.66666666666667 
137699 0.5152719703059756 85.33333333333334 
137849 0.6391752634141219 83.33333333333334 
137999 0.7203087325129395 80.66666666666666 
138149 0.8833022491316762 76.66666666666667 
138299 0.6494916912353044 84.66666666666667 
138449 0.5492518018945782 84.66666666666667 
138599 0.5455546941548257 86.66666666666667 
138749 0.5532859195619265 86.0 
138899 0.6610916666104103 82.66666666666667 
139049 0.5666743932467082 84.0 
139199 0.4325360514742231 89.33333333333333 
139349 0.608226982519213 85.33333333333334 
139499 0.613564398139736 82.66666666666667 
139649 0.7322618342682486 85.33333333333334 
139799 0.7802585366536896 81.33333333333333 
139949 0.5733744941395952 86.0 
140099 0.573611532756684 86.0 
140249 0.6691329967088075 84.0 
140399 0.6448021276005559 84.0 
140549 0.6534575097797882 79.33333333333333 
140699 0.6950861036647534 84.66666666666667 
140849 0.8452248672577686 80.0 
140999 0.8641425042658388 77.33333333333333 
141149 0.6949130552464668 78.66666666666666 
141299 0.7962842506293171 76.0 
141449 0.6466063593636417 87.33333333333333 
141599 0.8642883599506898 80.66666666666666 
141749 0.7589490251308213 80.0 
141899 0.7972638897388222 80.0 
142049 0.7399207636703811 81.33333333333333 
142199 0.8081627246283061 77.33333333333333 
142349 0.5845814612710158 82.0 
142499 0.569778276256985 86.0 
142649 0.8155847379002581 73.33333333333333 
142799 0.5508716712230726 88.0 
142949 0.8427179619258578 75.33333333333333 
143099 0.8046638702852763 80.0 
143249 0.8042652846591539 77.33333333333333 
143399 0.7401485276372188 84.0 
143549 0.6438786655678577 82.66666666666667 
143699 0.7171626185715979 84.66666666666667 
143849 0.4940731965613402 88.0 
143999 0.6266988355290954 80.66666666666666 
144149 0.7293019565327475 79.33333333333333 
144299 0.6152320261283738 84.66666666666667 
144449 0.8421804697327121 78.66666666666666 
144599 0.7219975668574641 74.66666666666667 
144749 0.6717768027301485 85.33333333333334 
144899 0.7072491981856077 85.33333333333334 
145049 0.6313552228892945 85.33333333333334 
145199 0.7833903282355529 80.0 
145349 0.6950834666334131 80.0 
145499 0.6484117635733688 83.33333333333334 
145649 0.6293268469296406 82.0 
145799 0.7624563730887844 74.0 
145949 0.7472039775565713 82.0 
146099 1.0908723123076094 76.66666666666667 
146249 0.5039705266859363 86.66666666666667 
146399 0.7555080094600942 84.0 
146549 0.7267044844876541 81.33333333333333 
146699 0.5854642092127796 82.66666666666667 
146849 0.705540218158685 83.33333333333334 
146999 0.7178814343012495 84.0 
147149 0.7635029083267932 83.33333333333334 
147299 0.7698169788865867 82.66666666666667 
147449 0.8101838982047364 79.33333333333333 
147599 0.9738925730586581 76.0 
147749 0.6025968946452719 81.33333333333333 
147899 0.6327510731523867 83.33333333333334 
148049 0.7254969978445767 82.66666666666667 
148199 0.6562176427734417 82.66666666666667 
148349 0.7151718633394505 82.0 
148499 0.7855300348421347 77.33333333333333 
148649 0.7853517842592155 82.66666666666667 
148799 0.6284611873246223 86.0 
148949 0.7169325077532477 76.0 
149099 0.7674980580044478 82.0 
149249 0.521861637073972 83.33333333333334 
149399 0.5360423321349637 86.0 
149549 0.6927749813989478 83.33333333333334 
149699 0.48086935301964756 89.33333333333333 
149849 0.6713355443471537 85.33333333333334 
149999 0.719034410190788 82.66666666666667 
150149 0.5961967820950561 84.66666666666667 
150299 0.6084909206587589 85.33333333333334 
150449 0.6921723703822427 85.33333333333334 
150599 0.7889851601631351 82.0 
150749 0.6210255860220951 86.0 
150899 0.5174303667777472 85.33333333333334 
151049 0.7366097971735367 80.66666666666666 
151199 0.6015254380818887 81.33333333333333 
151349 0.815888567863417 82.66666666666667 
151499 0.7852591997973897 81.33333333333333 
151649 0.7775054727480941 77.33333333333333 
151799 0.5006801646614294 87.33333333333333 
151949 0.4659520218884026 88.0 
152099 0.7097770927594103 84.0 
152249 0.6003432468227824 81.33333333333333 
152399 0.7641430097413021 80.66666666666666 
152549 0.5811935936316404 86.0 
152699 0.775304191587854 81.33333333333333 
152849 0.5762735059144086 84.66666666666667 
152999 0.6947336676728632 82.0 
153149 0.8839910554214995 72.66666666666667 
153299 0.63111708466927 84.0 
153449 0.8512900349530915 80.66666666666666 
153599 0.7568048077694933 80.66666666666666 
153749 0.7404022039519899 78.0 
153899 0.7444424073305698 81.33333333333333 
154049 0.5566451808579724 86.66666666666667 
154199 0.6174760523507502 83.33333333333334 
154349 0.7044450107922243 80.0 
154499 0.8052266506866899 81.33333333333333 
154649 0.4671397006940856 86.66666666666667 
154799 0.7584734024435792 79.33333333333333 
154949 0.7337915472398558 81.33333333333333 
155099 0.5680470185048967 85.33333333333334 
155249 0.6902696805547148 79.33333333333333 
155399 0.7070221715082085 80.66666666666666 
155549 0.6540778131437404 80.66666666666666 
155699 0.8556518066150708 79.33333333333333 
155849 0.7920115568874759 73.33333333333333 
155999 0.7557108061940139 82.66666666666667 
156149 0.7180476981395182 83.33333333333334 
156299 0.7130974609079023 82.66666666666667 
156449 0.6919011434093995 82.66666666666667 
156599 0.7044397134150967 82.66666666666667 
156749 0.6956971719519699 84.0 
156899 0.7603694650893793 78.66666666666666 
157049 0.9243921510168599 78.66666666666666 
157199 0.693698607112662 79.33333333333333 
157349 0.5726287804410746 84.0 
157499 0.7372861398519299 81.33333333333333 
157649 0.6183540336368802 80.66666666666666 
157799 0.6811622151488118 79.33333333333333 
157949 0.8008518412621375 79.33333333333333 
158099 0.7848097584449509 84.0 
158249 0.8897128163812528 80.0 
158399 0.5842602614866287 84.0 
158549 0.5922545780604818 85.33333333333334 
158699 0.5244400956770879 86.66666666666667 
158849 0.6804047946033902 80.66666666666666 
158999 0.6183562563061374 86.66666666666667 
159149 0.625836995371336 85.33333333333334 
159299 0.613118468410064 82.66666666666667 
159449 0.8168122399652223 80.0 
159599 0.7554284404947482 76.0 
159749 0.8947542083188368 74.0
