0 1.275199937921311 59.375 
0 0.6872630597618483 84.375 
0 0.7213600007026088 87.5 
0 1.038537903801428 75.0 
0 1.8931593966513691 40.625 
0 1.91185308892713 65.625 
0 1.6719309559983233 40.625 
0 2.3585558766997474 28.125 
0 1.5837550982813993 50.0 
0 1.0266898769926542 90.625 
0 1.3488415603461328 75.0 
0 1.0377820865197918 78.125 
0 0.9999528662588362 78.125 
0 1.6274599432773122 62.5 
0 0.40994837912211407 93.75 
0 0.9836814188944069 68.75 
0 1.6887713506185447 59.375 
0 0.7372767512054553 81.25 
0 0.6862857166323635 84.375 
0 0.857725023444141 71.875 
0 1.0334389555501047 75.0 
0 0.9677024696612722 75.0 
0 1.4338041421128476 59.375 
0 1.1114999883944245 59.375 
0 0.9859336366544997 78.125 
0 0.8958798947163721 81.25 
0 1.4603564611790456 53.125 
0 2.6504941555066526 28.125 
0 1.9231846242993673 56.25 
0 1.1699011502333332 78.125 
0 1.5155589793563724 65.625 
0 2.187138902399443 62.5 
0 1.4480439923681732 65.625 
0 1.7694251252022033 65.625 
0 2.4110790519978433 46.875 
0 1.2548359922466696 68.75 
0 1.8674306589537029 62.5 
0 0.9434139033019433 78.125 
0 1.6032353389499723 46.875 
0 1.7918224735442014 59.375 
0 1.1523480507179669 68.75 
0 1.9423619014354965 37.5 
0 0.7178009246341287 71.875 
0 2.0983066255053395 65.625 
0 1.6128159134267626 50.0 
0 1.029383583845295 59.375 
0 1.1602999791534925 78.125 
0 1.428882668989719 62.5 
0 1.4273812911900894 59.375 
0 0.8716132085762418 78.125 
0 0.713677037418045 81.25 
0 1.6739264710581223 40.625 
0 1.4623133272450484 68.75 
0 2.466761821532306 25.0 
0 1.5661424782560367 43.75 
0 1.3040221286557256 53.125 
0 1.2691880850038946 71.875 
0 0.7084850517753867 78.125 
0 1.4948747982071213 50.0 
0 0.9587974005530339 75.0 
0 1.896123059542845 56.25 
0 1.3360213727150174 68.75 
0 1.4808593440481834 65.625 
0 1.644498342402081 59.375 
0 1.7614514364081724 71.875 
0 2.21523587394627 43.75 
0 1.542116079444292 62.5 
0 1.6650570590106772 53.125 
0 1.3632449020260526 62.5 
0 1.0192970142159805 65.625 
0 0.7198776211174784 84.375 
