127 4.202993181327186 5.46875 
255 4.103971569123344 7.8125 
383 3.9418026254437932 13.28125 
511 3.8896628757684275 10.15625 
639 3.811503422490579 14.0625 
767 3.7221133430691284 16.40625 
895 3.563281988460884 25.0 
1023 3.437280491172545 21.09375 
1151 3.334450449993499 32.8125 
1279 3.2281508995008417 29.6875 
1407 3.180215618609743 28.90625 
1535 3.167448496516967 29.6875 
1663 3.1855376568788314 30.46875 
1791 3.1637011894503737 31.25 
1919 2.987144236631607 37.5 
2047 2.838240607119297 37.5 
2175 2.9033266474016037 37.5 
2303 2.8195636997277638 40.625 
2431 2.911584538865697 31.25 
2559 2.7664239621909754 36.71875 
2687 2.5796952452158575 36.71875 
2815 2.6986094724813205 38.28125 
2943 2.5420032439778275 47.65625 
3071 2.678419363312042 37.5 
3199 2.528173527474127 44.53125 
3327 2.4331006721900432 45.3125 
3455 2.2908177973972355 57.8125 
3583 2.529157402024808 43.75 
3711 2.312848056129326 52.34375 
3839 2.4263974165677284 49.21875 
3967 2.3066983623517854 47.65625 
4095 2.3891135165400055 46.09375 
4223 2.1737850093448525 59.375 
4351 2.177122683551785 54.6875 
4479 2.258996744359031 47.65625 
4607 2.0263513334238294 55.46875 
4735 2.0931064528615915 52.34375 
4863 2.200540610223522 51.5625 
4991 2.11544315328045 53.125 
5119 2.2088704772257746 50.78125 
5247 2.1739185387815256 48.4375 
5375 2.150917172892534 47.65625 
5503 1.9625209320866053 55.46875 
5631 2.0124776831597253 52.34375 
5759 1.9948154026489877 53.125 
5887 1.8922560040546668 54.6875 
6015 1.991455566116978 50.78125 
6143 2.064178098648053 47.65625 
6271 1.9581873639866405 53.125 
6399 2.107830776072679 45.3125 
6527 2.0626358870024113 51.5625 
6655 2.11868901805656 46.09375 
6783 2.1569485502255423 53.90625 
6911 1.9662978610468518 53.125 
7039 2.0467282251891885 46.09375 
7167 1.7304138335036445 60.15625 
7295 1.9381756729428972 57.03125 
7423 1.8237754338534216 57.8125 
7551 2.0257787147452717 51.5625 
7679 2.0500099889046477 48.4375 
7807 1.7305351707927057 62.5 
7935 1.8426440099573962 58.59375 
8063 1.8681876438395477 56.25 
8191 1.7579997691788858 57.03125 
8319 2.0395695299030048 48.4375 
8447 1.7636047997902138 60.9375 
8575 1.7183962410086349 57.03125 
8703 1.9881868565296645 51.5625 
8831 1.718123798549358 57.8125 
8959 1.620434500542524 60.15625 
9087 2.0934411686838996 50.0 
9215 1.4322859267160246 63.28125 
9343 1.385350655674788 74.21875 
9471 1.3240051737179725 71.875 
9599 1.5832540714167358 67.1875 
9727 1.6041399036977568 60.9375 
9855 1.4597298443911768 66.40625 
9983 1.5273079203138167 67.96875 
10111 1.5277574232808318 64.0625 
10239 1.3516972614203784 67.96875 
10367 1.3431794743256207 70.3125 
10495 1.6669342548893527 59.375 
10623 1.419013307486296 69.53125 
10751 1.57028426086738 63.28125 
10879 1.3832123496367916 65.625 
11007 1.4244644261073947 65.625 
11135 1.5019065484463738 64.84375 
11263 1.518414025959663 67.1875 
11391 1.5369336499519226 65.625 
11519 1.295646869834005 71.875 
11647 1.4744415346319626 66.40625 
11775 1.6087841116014825 62.5 
11903 1.557369352511548 63.28125 
12031 1.5111475789189301 66.40625 
12159 1.537606976738807 63.28125 
12287 1.2747892302191437 72.65625 
12415 1.420143720848732 67.96875 
12543 1.4574343707910002 66.40625 
12671 1.5325348514056543 64.84375 
12799 1.3253960860008942 68.75 
12927 1.4748349739104951 67.96875 
13055 1.5652046434352318 67.96875 
13183 1.6591461543733932 57.8125 
13311 1.473509573474665 66.40625 
13439 1.2772657755930554 70.3125 
13567 1.23606578373099 70.3125 
13695 1.494528652060895 64.84375 
13823 1.4345030846379765 63.28125 
13951 1.498418090337652 63.28125 
14079 1.5964821208225266 60.9375 
14207 1.6231459902026046 60.9375 
14335 1.5058741878056598 67.96875 
14463 1.5498429437539816 66.40625 
14591 1.4480149050643096 65.625 
14719 1.4797739445636773 67.1875 
14847 1.333832907062772 68.75 
14975 1.383554200632371 71.09375 
15103 1.5302005931297282 64.0625 
15231 1.3638759702839207 67.1875 
15359 1.433104975200276 66.40625 
15487 1.4843890546473462 62.5 
15615 1.3872428121288412 66.40625 
15743 1.4927194307312 63.28125 
15871 1.2848672677649622 69.53125 
15999 1.5452404403401734 56.25 
16127 1.421775405236172 60.9375 
16255 1.6331140443495147 58.59375 
16383 1.2973351660977834 73.4375 
16511 1.603192866733099 63.28125 
16639 1.4738622695189878 63.28125 
16767 1.3641045816121065 67.1875 
16895 1.5483575672637608 64.0625 
17023 1.2392684887051373 71.875 
17151 1.425839498872805 63.28125 
17279 1.4547496397879782 65.625 
17407 1.1233736549835147 71.09375 
17535 1.2623630514770996 67.1875 
17663 1.3708355056195298 72.65625 
17791 1.3619945774187243 64.0625 
17919 1.2235497096099046 70.3125 
18047 1.3612793673334516 70.3125 
18175 1.3970950253097683 65.625 
18303 1.0754473287553616 81.25 
18431 1.11209637761287 75.0 
18559 1.2106180843353609 71.875 
18687 1.0651356688109597 82.03125 
18815 1.3473480427280582 71.09375 
18943 1.3018629289256654 71.875 
19071 1.1536116453566545 69.53125 
19199 1.1463231394110034 69.53125 
19327 1.3094168181299957 68.75 
19455 1.1645348673852938 75.0 
19583 1.0164279606422433 80.46875 
19711 1.1012216336321963 75.78125 
19839 1.1341088191961466 77.34375 
19967 1.1938038636034574 75.0 
20095 1.0565778171869078 75.78125 
20223 1.2028986431731434 70.3125 
20351 1.047876466919045 81.25 
20479 1.1525682182107984 75.0 
20607 1.1484665765594033 75.78125 
20735 1.2975251715917904 65.625 
20863 1.30685498076571 67.1875 
20991 1.1951809772628048 74.21875 
21119 1.2430139202307358 71.875 
21247 1.2445860548425172 71.875 
21375 1.1714061804305904 69.53125 
21503 1.2368777245979543 66.40625 
21631 1.2392024123895193 75.0 
21759 1.1888406985307696 71.09375 
21887 1.186964491450349 67.96875 
22015 1.1186929896693925 76.5625 
22143 1.3127583036524495 73.4375 
22271 1.0451278057816478 76.5625 
22399 1.2022063613480904 71.09375 
22527 0.9549442887322807 79.6875 
22655 1.147744514840841 72.65625 
22783 1.1791839088414653 74.21875 
22911 1.2223207770758886 70.3125 
23039 1.2608477550999775 71.875 
23167 1.025200931360067 75.0 
23295 1.0994762703601482 72.65625 
23423 1.3197101393333082 71.09375 
23551 1.294233740366523 73.4375 
23679 1.2026520649491155 73.4375 
23807 1.3468829973560903 69.53125 
23935 1.3416024150667896 67.1875 
24063 1.2130993778415025 75.0 
24191 1.0905979253131313 70.3125 
24319 1.282365198662932 70.3125 
24447 1.2952828797836133 69.53125 
24575 1.211278546724638 66.40625 
24703 1.0078253920463396 75.78125 
24831 1.0044540870202308 74.21875 
24959 1.2120912342201753 68.75 
25087 1.5212159085644603 64.0625 
25215 1.1452144708555902 75.0 
25343 1.1145032731597408 73.4375 
25471 1.2791784564613633 68.75 
25599 1.2161946172591784 70.3125 
25727 1.1628052658586583 72.65625 
25855 1.0544009467975364 77.34375 
25983 1.096140698646887 74.21875 
26111 1.1868771314824291 74.21875 
26239 1.2492575688854666 71.09375 
26367 1.213579152627523 69.53125 
26495 1.3902311829934488 68.75 
26623 1.367951337822367 67.1875 
26751 1.2793268567741964 70.3125 
26879 1.0276801880699737 76.5625 
27007 1.0382376163713865 73.4375 
27135 1.3239219832525357 62.5 
27263 0.9476908405808759 79.6875 
27391 1.0176351992703625 79.6875 
27519 0.9824853160654491 78.125 
27647 1.0968061623661427 78.125 
27775 1.1403591880475663 77.34375 
27903 0.9864436122352628 72.65625 
28031 1.1235450599849 71.875 
28159 1.0712156983926522 78.90625 
28287 0.8760313671822837 82.03125 
28415 1.0610642076418442 69.53125 
28543 0.9309705875619373 78.125 
28671 0.8719580965322157 83.59375 
28799 1.0658161339542918 78.125 
28927 0.9911570976245291 78.90625 
29055 1.1712359173568185 73.4375 
29183 1.247056241373743 67.96875 
29311 0.899812633934326 82.03125 
29439 0.9759074286427107 75.78125 
29567 0.9366400239504543 78.90625 
29695 0.7658095644914144 85.15625 
29823 0.926346733159873 77.34375 
29951 1.0239723901622766 78.125 
30079 0.929392982997174 77.34375 
30207 1.0890140879521786 75.78125 
30335 1.0081315670094428 76.5625 
30463 1.1593092407297705 72.65625 
30591 1.133100967054129 75.0 
30719 0.9691712404933794 82.8125 
30847 1.0345855666773676 78.125 
30975 1.1380142007386933 75.0 
31103 0.9026505850929335 78.125 
31231 0.9389611619723902 75.78125 
31359 1.1313110351586684 73.4375 
31487 0.9656199369122522 81.25 
31615 0.8671121966870045 81.25 
31743 1.020834593466585 81.25 
31871 0.8990329627871888 77.34375 
31999 1.1551824745601127 72.65625 
32127 1.0865291822844334 75.78125 
32255 1.3037493284414319 70.3125 
32383 1.0752674911682638 75.78125 
32511 1.0237761845137932 75.0 
32639 1.1024288772313098 70.3125 
32767 1.17589925229771 71.09375 
32895 1.0548826945286103 77.34375 
33023 1.164924702668519 72.65625 
33151 1.1629474335990253 71.875 
33279 1.1232653781329953 75.78125 
33407 0.9952568659353368 78.90625 
33535 1.0665890892517915 77.34375 
33663 0.8272400274193158 83.59375 
33791 1.050668528181329 75.78125 
33919 0.8714048533921528 77.34375 
34047 1.0905278234708244 75.78125 
34175 1.0156417190875278 75.0 
34303 1.0664458859212715 75.0 
34431 1.0406544069097008 75.78125 
34559 1.1195709196186543 69.53125 
34687 1.003087323191865 75.78125 
34815 0.9913112367774746 76.5625 
34943 0.8483116258007404 82.8125 
35071 1.1402624395090795 75.0 
35199 1.2458746767463316 74.21875 
35327 0.9655937341847335 78.90625 
35455 0.898846912350035 78.90625 
35583 1.3732573219853017 63.28125 
35711 0.9177878090549622 79.6875 
35839 1.01554884496305 78.90625 
35967 1.1151693695928095 71.875 
36095 1.2318396899079995 67.96875 
36223 1.1458068437231976 75.0 
36351 0.9963944704985194 75.0 
36479 0.863865941257643 78.125 
36607 0.8342839597649805 81.25 
36735 1.0328260615730989 78.125 
36863 0.9184245734860021 77.34375 
36991 0.8899879015115577 76.5625 
37119 0.9506078159402063 78.125 
37247 0.9594542029950165 79.6875 
37375 0.8547653794031458 82.8125 
37503 0.8482400995884963 82.8125 
37631 1.084968023766639 75.0 
37759 0.9118850772278304 83.59375 
37887 1.0131650135531718 75.0 
38015 0.9186482185650559 77.34375 
38143 1.0603258049608248 74.21875 
38271 0.8047629940199177 82.8125 
38399 0.8998306399778606 78.125 
38527 0.895507310952126 77.34375 
38655 0.9578933312465292 80.46875 
38783 0.9269066928811579 77.34375 
38911 1.0096381145377937 68.75 
39039 0.9216083483312785 78.90625 
39167 0.9532725931373077 80.46875 
39295 0.986476587178578 77.34375 
39423 0.8462176212069591 80.46875 
39551 0.97932853795176 77.34375 
39679 1.0126292039954026 78.125 
39807 0.9991628655612933 77.34375 
39935 0.8512979518839018 82.8125 
40063 0.7880566696376844 83.59375 
40191 0.921931185764535 79.6875 
40319 0.9791576653156897 78.90625 
40447 0.9532509038684743 78.90625 
40575 0.8249845610427934 81.25 
40703 0.9910405836068265 74.21875 
40831 0.8826683226823427 79.6875 
40959 0.7926289318602755 82.8125 
41087 0.8869390470076115 81.25 
41215 1.032382628659977 75.0 
41343 0.9800285851806455 79.6875 
41471 0.8057207524396057 80.46875 
41599 0.8767800806058598 78.90625 
41727 0.712803926960693 82.8125 
41855 1.036098278127925 76.5625 
41983 1.012907324496989 76.5625 
42111 0.9756919498351897 76.5625 
42239 0.9574753898692507 78.125 
42367 1.006690300277326 74.21875 
42495 0.9624493727944042 77.34375 
42623 0.8240771499537718 84.375 
42751 1.0249416385960453 76.5625 
42879 0.8872018785362834 78.90625 
43007 0.835989928076365 80.46875 
43135 0.9459339967309854 78.90625 
43263 1.175691048394325 74.21875 
43391 0.9412068838004142 75.0 
43519 0.8447061093957603 82.8125 
43647 0.9398869740714149 78.125 
43775 0.8625570545319682 78.90625 
43903 0.960439232925162 74.21875 
44031 1.1258026102898446 76.5625 
44159 0.9333866566126747 78.90625 
44287 0.9666790722163405 78.90625 
44415 0.9622605393631865 77.34375 
44543 1.0957523079718285 75.0 
44671 1.0019016808086 75.78125 
44799 1.2546085307811081 70.3125 
44927 0.893622864495981 79.6875 
45055 0.9322699789989797 78.90625 
45183 1.0463033154511543 76.5625 
45311 0.9304589496329344 77.34375 
45439 0.9354845815594813 78.125 
45567 0.8443345805564794 82.03125 
45695 0.8448058654567923 82.8125 
45823 0.9261120098139742 79.6875 
45951 0.8727327631006219 79.6875 
46079 0.6984675819495818 85.9375 
46207 0.681834243451676 86.71875 
46335 0.9416612068170112 79.6875 
46463 0.7277229897140483 85.15625 
46591 0.8967178727977646 77.34375 
46719 0.7638809861228825 86.71875 
46847 0.8756022477080614 78.125 
46975 0.8307351382663385 82.03125 
47103 0.7547853854292055 84.375 
47231 0.872702468900071 77.34375 
47359 0.7312280185604241 85.9375 
47487 0.887340646768864 78.125 
47615 0.8500777839139709 82.03125 
47743 0.6730583923039755 82.8125 
47871 0.7890253859859595 83.59375 
47999 0.9945658189576465 78.125 
48127 0.7825171788975956 80.46875 
48255 0.7615205479844038 80.46875 
48383 0.7013164952570311 85.15625 
48511 0.7232877616396428 82.03125 
48639 0.8917889256974787 78.125 
48767 0.8983346808818269 77.34375 
48895 0.8997687327586797 78.90625 
49023 0.8924725057518553 79.6875 
49151 0.806503891149836 83.59375 
49279 0.6614164237296419 87.5 
49407 0.7998547070833102 83.59375 
49535 0.7919710858973762 81.25 
49663 0.8996243635272694 76.5625 
49791 0.9875063482269741 76.5625 
49919 0.804348932875265 81.25 
50047 1.015548825068076 78.90625 
50175 1.0162651096131126 77.34375 
50303 0.9500798397181457 77.34375 
50431 0.9701473854981965 78.125 
50559 0.8596982645215676 80.46875 
50687 0.8156115083280752 80.46875 
50815 1.001315035706177 74.21875 
50943 0.6332845477499495 85.9375 
51071 1.0231910930559616 80.46875 
51199 0.8218823134330194 78.125 
51327 0.911288724256928 76.5625 
51455 0.9904420788223146 73.4375 
51583 0.9101979277590284 82.03125 
51711 1.0059120147072274 72.65625 
51839 0.8654934688571181 81.25 
51967 0.9917762646679849 78.90625 
52095 0.7874013050738968 85.9375 
52223 0.8078335476791638 78.90625 
52351 0.883023441900598 79.6875 
52479 0.8716015539795245 77.34375 
52607 0.7974815219197082 82.03125 
52735 1.072938746925688 75.78125 
52863 0.8516254346794127 81.25 
52991 0.784130886392575 85.15625 
53119 1.074860005493187 73.4375 
53247 0.9279791725138331 79.6875 
53375 0.9117553064492362 75.78125 
53503 0.8440480469051583 82.03125 
53631 0.7920556978010204 83.59375 
53759 0.9330679576349956 75.0 
53887 0.786063296184512 82.03125 
54015 0.9464489188938745 77.34375 
54143 0.8672587213463848 75.0 
54271 0.9073017985843442 77.34375 
54399 1.0717354553120977 76.5625 
54527 1.0193384393894773 73.4375 
54655 0.7902286689756839 86.71875 
54783 0.8611052162723469 82.03125 
54911 0.7828897240370591 82.03125 
55039 0.9657668125437366 77.34375 
55167 0.7465194200776984 85.15625 
55295 0.7948199049916422 80.46875 
55423 0.836633087280911 81.25 
55551 0.6086806963547728 88.28125 
55679 0.8610689844011091 80.46875 
55807 0.7930643359067558 79.6875 
55935 0.9303418835014768 79.6875 
56063 0.7785079939696103 81.25 
56191 0.7152643199372914 81.25 
56319 0.5779794547286508 89.84375 
56447 0.7810071250180122 83.59375 
56575 0.7184404962687321 82.03125 
56703 0.7686276552229969 85.15625 
56831 0.8252910414274163 82.8125 
56959 0.5663758934125089 88.28125 
57087 0.8079485228655225 82.8125 
57215 0.6021686540416639 88.28125 
57343 0.7757309287267141 78.90625 
57471 0.6368087913263856 84.375 
57599 0.7896725147613477 79.6875 
57727 0.7668112041238837 81.25 
57855 0.844585090023428 80.46875 
57983 0.7462683474663517 82.03125 
58111 0.7049565685658989 85.15625 
58239 0.882680129563412 76.5625 
58367 1.0077443576295508 77.34375 
58495 0.8393126762670259 77.34375 
58623 0.8630202705119057 85.9375 
58751 0.8320118486754886 81.25 
58879 0.8180616191446195 81.25 
59007 0.9558948703636057 75.0 
59135 0.5877519963333363 88.28125 
59263 0.8976837482375399 76.5625 
59391 0.7076494443335706 85.9375 
59519 0.7448597706351582 84.375 
59647 0.9741491655100584 75.78125 
59775 0.7396882586343526 83.59375 
59903 0.837353521096253 78.90625 
60031 0.7332908085942776 82.8125 
60159 0.7492193520007745 79.6875 
60287 0.9100877864109916 79.6875 
60415 0.744131662807382 82.8125 
60543 0.7625452035674095 84.375 
60671 0.9067084418650416 82.03125 
60799 0.6877095185308921 84.375 
60927 0.68741722942822 84.375 
61055 1.199459248153496 74.21875 
61183 0.7672632745260538 85.15625 
61311 0.8134009542034638 79.6875 
61439 0.8294789145106872 78.125 
61567 0.926709458357334 76.5625 
61695 0.924731629469518 79.6875 
61823 0.7642529169365758 83.59375 
61951 0.7932670319097248 85.15625 
62079 0.7268142251989204 86.71875 
62207 0.8305638830522619 82.03125 
62335 0.8010064422578776 81.25 
62463 0.8493130949737377 83.59375 
62591 0.6734637818826676 87.5 
62719 0.8625150240803587 75.78125 
62847 0.751413302105718 86.71875 
62975 0.780968883047413 81.25 
63103 0.9035821617975831 78.90625 
63231 1.1295101307168467 73.4375 
63359 0.5850091217708627 87.5 
63487 0.9826383348569304 76.5625 
63615 1.008909273562003 71.09375 
63743 0.6749237016597514 85.9375 
63871 0.6356944402541168 85.15625 
63999 0.6611695815157963 89.0625 
64127 0.8629963344654293 82.03125 
64255 0.6962869631158997 85.15625 
64383 0.6610306002893603 87.5 
64511 0.842548785797285 81.25 
64639 0.7120033201101519 84.375 
64767 0.815451015006726 84.375 
64895 0.7679868000489405 82.03125 
65023 0.6945853422021485 82.03125 
65151 0.5067982933721956 89.0625 
65279 0.6459315052155205 85.9375 
65407 0.7464233452074147 88.28125 
65535 0.8723658176017783 83.59375 
65663 0.5667905683103169 85.9375 
65791 0.7815681559479217 82.8125 
65919 0.6257041776062443 84.375 
66047 0.836552925728225 82.03125 
66175 0.8136537058656712 80.46875 
66303 0.7603516837451986 85.15625 
66431 0.7724296400211623 84.375 
66559 0.8402639080594695 80.46875 
66687 0.6613209873600118 88.28125 
66815 0.6896199942710787 85.15625 
66943 0.6929185409582126 88.28125 
67071 0.8434439775737209 81.25 
67199 0.8913200622399282 80.46875 
67327 0.9574391412647776 81.25 
67455 1.0114833192076056 78.125 
67583 0.9307451100158143 80.46875 
67711 0.6606595683518056 85.15625 
67839 0.694587709743712 85.9375 
67967 0.7930472047789846 85.9375 
68095 0.7820738109440418 83.59375 
68223 0.6736630894043453 84.375 
68351 0.651926023919443 85.9375 
68479 0.7512455418615818 82.8125 
68607 0.6649544784392766 83.59375 
68735 0.8190886430197534 81.25 
68863 0.6570187410917311 85.15625 
68991 0.8438301111271262 77.34375 
69119 0.6753670155937679 84.375 
69247 0.7605642834463598 79.6875 
69375 0.7453563096127828 82.03125 
69503 0.8474954277678364 79.6875 
69631 0.7640964761474044 83.59375 
69759 0.7793366758091042 85.15625 
69887 0.8299466249658397 80.46875 
70015 0.8029817984308194 83.59375 
70143 0.754543657179256 84.375 
70271 0.7145505455118855 80.46875 
70399 0.8930424761312418 80.46875 
70527 0.8227492938499542 76.5625 
70655 0.809043761165496 82.03125 
70783 0.6646605906775804 87.5 
70911 0.8554860306651344 77.34375 
71039 0.6594598546270789 87.5 
71167 0.8902467664132725 79.6875 
71295 0.8480384690375047 79.6875 
71423 0.647968875920994 84.375 
71551 0.7738910852178035 83.59375 
71679 0.787653240042948 83.59375 
71807 0.8353801352866312 77.34375 
71935 0.6806810314370771 80.46875 
72063 0.8300086656135612 80.46875 
72191 0.6096162305219895 89.84375 
72319 0.8195903889318618 78.90625 
72447 0.6389180371425848 86.71875 
72575 0.7095850495477519 79.6875 
72703 0.791151181268413 83.59375 
72831 0.726634097514662 82.8125 
72959 0.6934121288287799 88.28125 
73087 0.6357886415591798 86.71875 
73215 0.5814482560411238 88.28125 
73343 0.7346938696057167 84.375 
73471 0.7599859949007435 85.9375 
73599 0.7465263588846522 85.15625 
73727 0.8259034129003204 81.25 
73855 0.7735861911844174 82.03125 
73983 0.524367779600764 89.84375 
74111 0.5753977661801066 89.84375 
74239 0.519345683255465 90.625 
74367 0.652649573049967 88.28125 
74495 0.544115053570607 89.84375 
74623 0.6072560443426719 84.375 
74751 0.735814353608546 80.46875 
74879 0.6365116633818501 86.71875 
75007 0.6399218821585971 85.15625 
75135 0.6754166839985374 85.15625 
75263 0.6350852707972702 84.375 
75391 0.65407688051953 82.8125 
75519 0.8336529409585743 76.5625 
75647 0.7454826953423679 86.71875 
75775 0.6660706240487139 78.90625 
75903 0.6593690546462943 83.59375 
76031 0.5997883101745544 88.28125 
76159 0.6644776042435458 86.71875 
76287 0.7289614375442002 83.59375 
76415 0.7808818720207683 85.15625 
76543 0.5865739116084618 88.28125 
76671 0.6968910682574135 84.375 
76799 0.6541731663238645 86.71875 
76927 0.6372500284668418 83.59375 
77055 1.0497084262256666 71.875 
77183 0.8189337401119101 82.8125 
77311 0.7512776646933903 81.25 
77439 0.7609204479618272 85.15625 
77567 0.7202027383295668 83.59375 
77695 0.8492699394055474 80.46875 
77823 0.8076140420599532 78.90625 
77951 0.6838005317440233 84.375 
78079 0.6048984454338577 90.625 
78207 0.8801885454301923 75.78125 
78335 0.7630950663033104 82.03125 
78463 0.6164195901468495 87.5 
78591 0.616893505294656 85.9375 
78719 0.8211602223766389 83.59375 
78847 0.8613158532415787 78.90625 
78975 0.7368337207368219 85.15625 
79103 0.717508185946429 84.375 
79231 0.6062016918265324 86.71875 
79359 0.7992759659153881 82.03125 
79487 0.7464778994577034 83.59375 
79615 0.8392404626741361 79.6875 
79743 0.7753602428393706 83.59375 
79871 0.8824000679076976 78.90625 
79999 0.6937266549791499 85.9375 
80127 0.7141196100961488 83.59375 
80255 0.875353922827456 78.90625 
80383 0.9022315304993085 83.59375 
80511 0.709300734236882 83.59375 
80639 0.8470611995690484 77.34375 
80767 0.7329027496403293 85.9375 
80895 0.7454297480317705 82.03125 
81023 0.9389323857819153 78.125 
81151 0.4623440767054133 89.0625 
81279 0.6018691668611352 85.9375 
81407 0.7292164527889224 84.375 
81535 0.6262445228830086 89.84375 
81663 0.590282812361283 88.28125 
81791 0.7295194435035937 79.6875 
81919 0.6581562912946933 85.9375 
82047 0.6070670945889072 90.625 
82175 0.6500680798154586 84.375 
82303 0.5038680282812504 89.84375 
82431 0.5573443159711922 89.84375 
82559 0.5634320193668417 89.84375 
82687 0.5678052477698199 89.84375 
82815 0.5043120704497437 89.84375 
82943 0.6910179798004807 88.28125 
83071 0.7165686898497078 83.59375 
83199 0.7674314780260373 83.59375 
83327 0.4962538309773835 89.0625 
83455 0.6698786981100858 85.9375 
83583 0.5142694401581605 89.84375 
83711 0.707756749503377 82.03125 
83839 0.5712521832929642 88.28125 
83967 0.7390818470187019 84.375 
84095 0.4803115734331346 92.1875 
84223 0.8837308768939668 79.6875 
84351 0.6082899327560877 85.15625 
84479 0.6325501487630509 85.15625 
84607 0.6666674560490604 85.15625 
84735 0.7100402577310078 87.5 
84863 0.6164598379831877 85.9375 
84991 0.6029288983701127 86.71875 
85119 0.7375022338591857 86.71875 
85247 0.6663506549015937 84.375 
85375 0.8262215202286245 82.03125 
85503 0.6911700756318551 86.71875 
85631 0.6540764990144504 86.71875 
85759 0.7674110446590666 80.46875 
85887 0.6696442831239122 83.59375 
86015 0.6154802063879559 85.9375 
86143 0.6541108453036967 85.9375 
86271 0.6807122604434575 85.9375 
86399 0.597413022656656 87.5 
86527 0.7678710359733829 81.25 
86655 0.7860906889241626 84.375 
86783 0.6769129103950662 85.9375 
86911 0.8925554789481562 75.0 
87039 0.5876148505485089 85.15625 
87167 0.8371952945447706 85.9375 
87295 0.8359478957182451 80.46875 
87423 0.9289596546072693 79.6875 
87551 0.5979839840490977 85.15625 
87679 0.7862469866320569 81.25 
87807 0.5018411646747183 91.40625 
87935 0.7271865334187784 85.9375 
88063 0.7233119977768091 82.8125 
88191 0.8008556343787411 82.8125 
88319 0.6376948644192428 86.71875 
88447 0.7655655970482785 86.71875 
88575 0.7669396834547724 80.46875 
88703 0.607614178632621 85.9375 
88831 0.6819875598513304 86.71875 
88959 0.7243778772077581 86.71875 
89087 0.6752424994226411 83.59375 
89215 0.597403634250466 85.9375 
89343 0.7594882458090693 85.15625 
89471 0.695582481310275 84.375 
89599 0.6457567621846411 89.0625 
89727 0.650399990580364 88.28125 
89855 0.721603935120423 83.59375 
89983 0.7363630207819595 78.90625 
90111 0.6498804905330707 86.71875 
90239 0.7004948827431601 82.8125 
90367 0.6107131149792763 87.5 
90495 0.7491308746714135 82.03125 
90623 0.6551631051397644 83.59375 
90751 0.7632151614745618 80.46875 
90879 0.7044165983575646 82.03125 
