150 34.084059626824924 2.0 
300 35.2040966844398 1.3333333333333335 
450 31.632594924181856 1.3333333333333335 
600 31.884757003443593 1.3333333333333335 
750 32.60781114611339 2.666666666666667 
900 30.31015997181207 0.0 
1050 30.679463717206072 0.6666666666666667 
1200 28.26906231309839 1.3333333333333335 
1350 26.384127441428134 2.0 
1500 28.767020646797942 3.3333333333333335 
1650 31.92750657774908 1.3333333333333335 
1800 25.81396152058205 3.3333333333333335 
1950 25.23610742271329 2.666666666666667 
2100 24.107922456836587 2.0 
2250 26.119573181940183 0.6666666666666667 
2400 25.88350307430773 1.3333333333333335 
2550 22.82607919085869 3.3333333333333335 
2700 26.043266740525837 3.3333333333333335 
2850 24.030263804914274 2.0 
3000 23.81128849135308 3.3333333333333335 
3150 23.534152665269964 3.3333333333333335 
3300 22.437048007665318 8.0 
3450 23.479610260414454 4.0 
3600 22.73681327953446 4.0 
3750 19.608806068330907 9.333333333333334 
3900 20.352389914690615 2.666666666666667 
4050 21.482362823662875 7.333333333333333 
4200 20.413462575313265 4.0 
4350 19.48510195856086 7.333333333333333 
4500 19.766265849108027 8.0 
4650 20.131347506924584 10.666666666666668 
4800 21.26848033280134 4.0 
4950 21.652687629842138 10.666666666666668 
5100 19.649018005861983 4.0 
5250 20.233467747262946 3.3333333333333335 
5400 18.140874876372116 8.666666666666668 
5550 18.594493662100373 8.666666666666668 
5700 19.534854072948605 7.333333333333333 
5850 19.280038268716734 7.333333333333333 
6000 18.642156511517015 9.333333333333334 
6150 18.045181278364435 6.666666666666667 
6300 16.057414150421383 10.666666666666668 
6450 15.922657751230966 10.666666666666668 
6600 18.771845183075573 10.0 
6750 16.695890941452227 8.666666666666668 
6900 16.045855884538664 8.666666666666668 
7050 17.831432086594784 4.666666666666667 
7200 15.122687015034915 7.333333333333333 
7350 16.784560238856724 6.666666666666667 
7500 16.744288438993966 10.666666666666668 
7650 15.93328638771672 14.000000000000002 
7800 17.20458499292778 6.666666666666667 
7950 17.090305087839226 8.0 
8100 16.028042417557277 12.0 
8250 14.477292475372115 14.000000000000002 
8400 16.194136541628716 10.0 
8550 13.72632382538597 12.666666666666668 
8700 14.67147526496788 14.000000000000002 
8850 13.881092430448406 13.333333333333334 
9000 15.052073627388197 10.666666666666668 
9150 15.058680668936336 11.333333333333332 
9300 15.333689457651845 12.666666666666668 
9450 15.053162819812782 11.333333333333332 
9600 14.643271921701407 13.333333333333334 
9750 13.163754928157243 25.333333333333336 
9900 13.866676033958296 13.333333333333334 
10050 13.92959909623634 14.666666666666666 
10200 14.165193348602001 14.000000000000002 
10350 13.615688013374875 16.666666666666664 
10500 12.747098291119594 18.0 